tree
version=v4
num_class=1
num_tree_per_iteration=1
label_index=0
max_feature_idx=11
objective=regression
feature_names=std_intensity std_nn_dist cell_radius_mean contrast_ratio mean_intensity density_per_frame snr_std cell_volume_mean min_nn_dist mean_nn_dist median_nn_dist snr_mean
feature_infos=[0.14463925368220329:0.5496562794588602] [1.625652652691256:6.8643676004623329] [2.2663608056185049:2.4333318636018206] [0.69585446179508603:2.5611564774413171] [0.4429955776573038:1.0589119199315702] [43.950000000000003:987.42999999999995] [0.66013832447687537:13.612761782622036] [50.542982100626332:61.293789829324233] [1.4647552056572457:5.7452425971406988] [6.4455395341518704:15.744273162509096] [6.3458278616741568:15.94709290646994] [1.2449477127485511:3.5108039488365561]
tree_sizes=1032 1073 1087 1054 1071 1086 1091 1058 1083 1070 1093 1078 1088 1111 1112 1073 1068 1087 1093 1113 1064 1096 1085 1086 1056 1099 1072 1111 1088 1088 1077 1084 1069 1120 1087 1123 1090 1104 1091 1102 1129 1118 1101 1095 1084 1100 1076 1127 1120 1105 1094 1103 1103 1096 1120 1088 1120 1118 1095 1102 1083 1082 1120 1107 1081 1132 1082 1065 1105 1113

Tree=0
num_leaves=10
num_cat=0
split_feature=0 7 5 3 3 8 4 9 9
split_gain=12.2251 1.30037 0.967247 0.893942 0.694637 0.650027 0.64458 0.721555 0.605621
threshold=0.28789973171458866 54.793566415872668 124.67500000000001 1.7705942393061982 1.4188257795648533 1.6992922197746922 0.665148299285934 9.2385134806930793 12.075544749450961
decision_type=2 2 2 2 2 2 2 2 2
left_child=1 5 -3 4 8 -1 7 -4 -2
right_child=3 2 6 -5 -6 -7 -8 -9 -10
leaf_value=-2.8636875940105906 -2.8379223243024159 -2.8460335447421854 -2.8603369487132326 -2.8477145300281408 -2.8181509637060129 -2.8818021953513089 -2.8551527130147361 -2.8774336324480534 -2.8187179629477224
leaf_weight=13.000000000000002 13.000000000000002 17 27 4.9999999999999991 18 7.9999999999999991 44 7.9999999999999991 5.9999999999999991
leaf_count=13 13 17 27 5 18 8 44 8 6
internal_value=-2.85101 -2.85932 -2.85685 -2.82787 -2.82519 -2.87059 -2.85918 -2.86424 -2.83186
internal_weight=159 117 96 42 37 21 79 35 19
internal_count=159 117 96 42 37 21 79 35 19
is_linear=0
shrinkage=1


Tree=1
num_leaves=10
num_cat=0
split_feature=4 6 3 4 2 9 1 9 8
split_gain=8.82704 1.92832 1.16657 1.03867 0.955475 0.764359 0.878213 0.723525 0.679303
threshold=0.79956894178879134 1.3153201116720241 1.4188257795648533 0.76550151341358086 2.3841909640397789 11.404427067617348 2.3305364952909131 12.201800140265375 2.5202364384102305
decision_type=2 2 2 2 2 2 2 2 2
left_child=1 4 8 -3 5 6 -1 -4 -2
right_child=2 3 7 -5 -6 -7 -8 -9 -10
leaf_value=-0.009585271808592713 0.022474180399016896 5.6541261487993706e-05 0.039402399063110341 0.022910872225960097 -0.0024112830683588986 0.0055447895824909214 -0.021930139273405078 0.018443315156868527 0.0052721867337822918
leaf_weight=34 11.000000000000002 29 10.000000000000002 5.9999999999999991 30 4.9999999999999991 25 6.9999999999999991 11.999999999999998
leaf_count=34 11 29 10 6 30 5 25 7 12
internal_value=0.000319214 -0.00604389 0.0208402 0.00397443 -0.00977412 -0.0132254 -0.0148161 0.0307722 0.0134992
internal_weight=169 129 40 35 94 64 59 17 23
internal_count=169 129 40 35 94 64 59 17 23
is_linear=0
shrinkage=0.05


Tree=2
num_leaves=10
num_cat=0
split_feature=0 2 1 0 5 9 7 7 1
split_gain=10.5118 1.48838 1.02001 0.990641 0.835306 0.775081 0.550002 0.766008 0.586546
threshold=0.27074540886795351 2.3832460753682576 3.7319394691369792 0.34610560086788728 67.235000000000014 12.201800140265375 57.799735954902225 57.415022766856076 3.1871553470136456
decision_type=2 2 2 2 2 2 2 2 2
left_child=1 2 6 -2 5 -5 7 8 -1
right_child=3 -3 -4 4 -6 -7 -8 -9 -10
leaf_value=-0.01457078004255891 0.010204138289447185 -0.0009432473991598403 0.0047820249838488446 0.024215895868837822 0.034368104555390099 0.0022062320883075399 -0.026092181801795962 -0.003197102089013372 -0.032734817564487456
leaf_weight=40 27 35 6.9999999999999991 12.000000000000005 10.999999999999998 5.9999999999999991 9.9999999999999982 13.999999999999998 4.9999999999999991
leaf_count=40 27 35 7 12 11 6 10 14 5
internal_value=-0.000564892 -0.00947501 -0.0134041 0.0170962 0.023513 0.0168793 -0.0152491 -0.0134113 -0.016589
internal_weight=167 111 76 56 29 18 69 59 45
internal_count=167 111 76 56 29 18 69 59 45
is_linear=0
shrinkage=0.05


Tree=3
num_leaves=10
num_cat=0
split_feature=0 7 0 3 3 1 4 1 0
split_gain=8.11351 1.51799 1.29599 0.934791 1.23387 0.738305 1.26258 1.03491 0.616449
threshold=0.27074540886795351 54.793566415872668 0.42530802549164215 1.6175313822502306 1.2301704809961671 2.6585680546852912 0.67778090178261274 2.296684599566472 0.23978655868378107
decision_type=2 2 2 2 2 2 2 2 2
left_child=1 -1 3 4 -2 7 8 -3 -7
right_child=2 5 -4 -5 -6 6 -8 -9 -10
leaf_value=-0.019508043507283385 -0.00060498830344941879 -0.0034218874139090383 0.028706101860318869 -0.0031495176255702975 0.02123207174565481 -0.01923112933124814 0.012448610737919807 -0.016321169925124748 0.0037555031478404993
leaf_weight=22 8.9999999999999982 48 13.999999999999998 8.9999999999999982 23 7.0000000000000018 13.999999999999998 23 5
leaf_count=22 9 48 14 9 23 7 14 23 5
internal_value=-0.00031001 -0.0076502 0.0155715 0.0110865 0.0150904 -0.0049608 0.0022477 -0.00760053 -0.00965337
internal_weight=174 119 55 41 32 97 26 71 12
internal_count=174 119 55 41 32 97 26 71 12
is_linear=0
shrinkage=0.05


Tree=4
num_leaves=10
num_cat=0
split_feature=0 3 7 0 3 0 4 4 9
split_gain=10.1229 1.30228 1.16739 0.741263 0.67471 0.478421 0.397127 0.36237 0.799371
threshold=0.29922960529696924 1.7705942393061982 58.299517403132434 0.25671287268173021 1.3418447071758106 0.24619205902910132 0.76550151341358086 0.72758158948975582 10.18631873511857
decision_type=2 2 2 2 2 2 2 2 2
left_child=2 4 3 5 -2 7 -5 8 -1
right_child=1 -3 -4 6 -6 -7 -8 -9 -10
leaf_value=-0.012759986388332704 0.014729520461211601 0.001980184204876423 -0.00094296364113688469 0.0065644811838865297 0.029354933876058333 -0.028242804259061817 -0.011398411318659782 -0.021524961830841172 0.006533954478800297
leaf_weight=51 11.999999999999998 7.9999999999999991 40 7.9999999999999982 23 4.9999999999999991 5 8.9999999999999982 5.9999999999999991
leaf_count=51 12 8 40 8 23 5 5 9 6
internal_value=-0.000724131 0.0201804 -0.0079733 -0.0113211 0.0243405 -0.0133309 -0.000344324 -0.0122012 -0.010729
internal_weight=167 43 124 84 35 71 13 66 57
internal_count=167 43 124 84 35 71 13 66 57
is_linear=0
shrinkage=0.05


Tree=5
num_leaves=10
num_cat=0
split_feature=0 3 7 9 1 2 0 1 5
split_gain=6.36659 1.36826 1.16073 0.768658 0.854309 0.686698 0.477263 0.45748 0.334345
threshold=0.29922960529696924 1.7705942393061982 57.464485001291969 10.335085327217348 3.6026770875044418 2.3574185309246887 0.25850200356077929 2.878828993654118 124.67500000000001
decision_type=2 2 2 2 2 2 2 2 2
left_child=2 5 3 4 6 -2 -1 8 -4
right_child=1 -3 7 -5 -6 -7 -8 -9 -10
leaf_value=-0.011238841415458434 0.013294911322494343 0.0024480060570769842 0.0076647986657917503 0.0090153530240058895 -0.03114286094903946 0.029925806298851967 0.0052195633202791218 0.0083393123000860218 -0.003392649473662072
leaf_weight=37 9.0000000000000018 8.9999999999999982 7.9999999999999991 4.9999999999999991 4.9999999999999991 20 4.9999999999999991 13.999999999999998 47
leaf_count=37 9 9 8 5 5 20 5 14 47
internal_value=0.00162541 0.019479 -0.00398151 -0.00962263 -0.0116054 0.0247645 -0.00927951 0.000269772 -0.00178429
internal_weight=159 38 121 52 47 29 42 69 55
internal_count=159 38 121 52 47 29 42 69 55
is_linear=0
shrinkage=0.05


Tree=6
num_leaves=10
num_cat=0
split_feature=5 3 3 7 8 8 3 10 9
split_gain=6.29215 1.54574 0.997981 0.790243 0.576253 0.506657 0.355306 0.32052 0.709696
threshold=119.09500000000001 1.1460587038954928 1.7705942393061982 57.415022766856076 2.4543111389668266 3.5641525515866133 1.4668631603078108 9.5899544488324473 8.8516333197248009
decision_type=2 2 2 2 2 2 2 2 2
left_child=1 -1 4 7 -3 -6 -5 8 -2
right_child=3 2 -4 6 5 -7 -8 -9 -10
leaf_value=-0.012888401746749878 -0.0094117312612278133 0.024345211960051374 -0.0028601142267386122 -0.0021590219779034792 0.0079774312706043307 0.025168995683391888 -0.016040967777371407 0.00043624136596918109 -0.023971510847861116
leaf_weight=4.9999999999999991 35 23 5.9999999999999991 59 15.000000000000002 5.9999999999999991 4.9999999999999991 4.9999999999999991 10.999999999999998
leaf_count=5 35 23 6 59 15 6 5 5 11
internal_value=-0.000291121 0.0136184 0.0162691 -0.00694351 0.0188776 0.0128893 -0.00324355 -0.0115866 -0.0128934
internal_weight=170 55 50 115 44 21 64 51 46
internal_count=170 55 50 115 44 21 64 51 46
is_linear=0
shrinkage=0.05


Tree=7
num_leaves=10
num_cat=0
split_feature=5 6 2 4 8 9 1 1 5
split_gain=5.57411 1.3871 1.17669 0.753798 0.783981 0.494598 0.835405 0.512944 0.437415
threshold=86.485000000000014 1.4204982631382701 2.3841909640397789 0.88382228498167026 2.3159128070061774 10.861503952672035 2.2874206194085756 2.1693067289502816 124.67500000000001
decision_type=2 2 2 2 2 2 2 2 2
left_child=3 2 5 4 -1 6 7 -2 -3
right_child=1 8 -4 -5 -6 -7 -8 -9 -10
leaf_value=0.018534718919545407 -0.01172768630256707 0.017913639066474783 -0.0004905293940713531 0.023033555961834887 0.00046102014991144342 0.0038376340270042421 -0.018163437260822816 0.00079957655129524381 0.0002376962453126907
leaf_weight=12.000000000000002 22 6.9999999999999982 38 18 11.999999999999998 4.9999999999999991 33 12.999999999999998 7
leaf_count=12 22 7 38 18 12 5 33 13 7
internal_value=-0.000460166 -0.00575521 -0.00762577 0.0152989 0.00949787 -0.01134 -0.012456 -0.0070747 0.00907567
internal_weight=167 125 111 42 24 73 68 35 14
internal_count=167 125 111 42 24 73 68 35 14
is_linear=0
shrinkage=0.05


Tree=8
num_leaves=10
num_cat=0
split_feature=0 3 7 5 8 1 5 0 5
split_gain=5.09478 0.926391 0.908861 0.864659 0.659072 0.680783 0.485562 0.738029 0.577371
threshold=0.29922960529696924 1.7705942393061982 54.793566415872668 124.67500000000001 2.0513633386985348 2.1693067289502816 336.65978348035293 0.22804009802046202 393.41500000000008
decision_type=2 2 2 2 2 2 2 2 2
left_child=2 -2 4 -4 5 -1 7 -5 -8
right_child=1 -3 3 6 -6 -7 8 -9 -10
leaf_value=-0.018525161128491147 0.020303778176105791 0.0020818207826879291 0.0076402564015653407 -0.01670525858644396 -0.027643223851919176 0.0021022286498919131 0.010554819554090501 -0.0030567647316134894 -0.0036445347618843829
leaf_weight=8.0000000000000053 31 8.9999999999999982 18 15.999999999999998 5.9999999999999991 7.9999999999999991 8.9999999999999982 26 35
leaf_count=8 31 9 18 16 6 8 9 26 35
internal_value=0.000657289 0.0162038 -0.00427812 -0.00232501 -0.013511 -0.00821147 -0.00441076 -0.00825619 -0.000740121
internal_weight=166 40 126 104 22 16 86 42 44
internal_count=166 40 126 104 22 16 86 42 44
is_linear=0
shrinkage=0.05


Tree=9
num_leaves=10
num_cat=0
split_feature=0 7 5 3 1 8 6 3 3
split_gain=5.97328 1.12776 0.923566 0.739553 0.499102 0.497391 0.48257 0.35392 0.344661
threshold=0.29922960529696924 54.793566415872668 124.67500000000001 1.7705942393061982 2.2874206194085756 2.6170350650926442 1.5136513056403489 1.0570572410668748 1.1395949103248411
decision_type=2 2 2 2 2 2 2 2 2
left_child=1 4 8 5 7 -2 -7 -1 -3
right_child=3 2 -4 -5 -6 6 -8 -9 -10
leaf_value=-0.018166814159069736 0.021901627208213682 -0.0042552666366100283 -0.0060180467385125454 0.0013654312118887902 -0.025308852311637667 0.018778304414202775 -0.0022539505735039707 -0.002267130969890526 0.011369550414383412
leaf_weight=7.0000000000000018 26 5.0000000000000027 83 7.9999999999999991 8.9999999999999982 5.9999999999999982 5 7 11.999999999999998
leaf_count=7 26 5 83 8 9 6 5 7 12
internal_value=-0.000436852 -0.00613949 -0.0038434 0.0151504 -0.0161225 0.0181309 0.00921819 -0.010217 0.00677402
internal_weight=168 123 100 45 23 37 11 14 17
internal_count=168 123 100 45 23 37 11 14 17
is_linear=0
shrinkage=0.05


Tree=10
num_leaves=10
num_cat=0
split_feature=0 3 2 3 3 11 5 3 0
split_gain=4.82649 0.708224 0.748742 0.611321 0.470956 0.59835 0.456494 0.316706 0.531402
threshold=0.29922960529696924 1.0392903301648853 2.3718407378410413 1.7705942393061982 1.4444674749754556 3.0726982287189579 305.41333333333341 1.4750476454840706 0.25408968794815545
decision_type=2 2 2 2 2 2 2 2 2
left_child=1 2 -1 4 5 -2 -4 -3 -9
right_child=3 7 6 -5 -6 -7 -8 8 -10
leaf_value=-0.018525566213897296 0.017237311916855656 -0.0024689438498832965 -0.015599121046917772 0.0013182631693780423 0.024072870812737027 -0.0031156360357999804 3.8979628256389072e-05 -0.023671334087848668 -0.001600576223184665
leaf_weight=21 13.000000000000005 66 7.0000000000000027 7.9999999999999991 12.999999999999998 4.9999999999999991 13.999999999999998 4.9999999999999982 6
leaf_count=21 13 66 7 8 13 5 14 5 6
internal_value=-0.00162402 -0.00662685 -0.0118496 0.013641 0.0168211 0.0115837 -0.00517372 -0.00377806 -0.0116327
internal_weight=158 119 42 39 31 18 21 77 11
internal_count=158 119 42 39 31 18 21 77 11
is_linear=0
shrinkage=0.05


Tree=11
num_leaves=10
num_cat=0
split_feature=5 9 7 3 11 8 4 7 3
split_gain=3.24132 0.80372 0.794259 0.623049 0.609637 0.5234 0.435313 0.378606 0.314278
threshold=93.670000000000002 10.335085327217348 57.415022766856076 1.7705942393061982 2.22526624709965 2.6790043781530311 0.59552461909007126 55.023387200896501 1.4444674749754556
decision_type=2 2 2 2 2 2 2 2 2
left_child=3 2 4 8 7 -3 -4 -2 -1
right_child=1 5 6 -5 -6 -7 -8 -9 -10
leaf_value=0.010827685871707468 -0.01325051878282631 0.019478675872087479 -0.013538228560771262 -0.0052839827537536624 -0.02560226321220398 -0.00033420618623495105 -0.00017319671968196303 -0.0039743822829967201 0.021106905527412893
leaf_weight=29 22 4.9999999999999991 6.9999999999999991 4.9999999999999991 5.9999999999999991 9.9999999999999982 47 22 9.9999999999999982
leaf_count=29 22 5 7 5 6 10 47 22 10
internal_value=-0.000262367 -0.00454973 -0.00611028 0.011333 -0.0106512 0.00627009 -0.0019057 -0.00861245 0.0134634
internal_weight=163 119 104 44 50 15 54 44 39
internal_count=163 119 104 44 50 15 54 44 39
is_linear=0
shrinkage=0.05


Tree=12
num_leaves=10
num_cat=0
split_feature=5 4 8 3 6 10 8 6 2
split_gain=3.64 0.797865 0.653678 0.404926 0.388404 0.350502 0.361312 0.343734 0.330727
threshold=124.67500000000001 0.87351830835597177 2.3159128070061774 1.4987428798316935 1.5136513056403489 10.30145878115634 2.8581856492851752 1.3982504269798 2.3596500230317985
decision_type=2 2 2 2 2 2 2 2 2
left_child=1 2 7 8 5 -4 -7 -1 -2
right_child=3 -3 4 -5 -6 6 -8 -9 -10
leaf_value=0.0093006261438131326 -0.0086455087398243109 0.018325517776732646 0.0067978804931044523 -0.017588037314514318 0.014069631099700927 -0.017047709836624566 8.6067570373415952e-05 0.025356786251068117 -0.0022393847858025273
leaf_weight=9.9999999999999982 29 21 8.0000000000000053 5.9999999999999991 4.9999999999999991 4.9999999999999991 7.9999999999999991 4.9999999999999991 66
leaf_count=10 29 21 8 6 5 5 8 5 66
internal_value=0.000863558 0.0104001 0.00634077 -0.00499057 0.00154543 -0.00143652 -0.00650385 0.0146527 -0.00419494
internal_weight=163 62 41 101 26 21 13 15 95
internal_count=163 62 41 101 26 21 13 15 95
is_linear=0
shrinkage=0.05


Tree=13
num_leaves=10
num_cat=0
split_feature=0 6 1 1 9 1 1 6 5
split_gain=3.8355 0.600601 0.447418 0.550691 0.622385 0.376155 0.466763 0.511583 0.531055
threshold=0.28789973171458866 0.98539910614913251 3.7690478716967859 2.3305364952909131 8.3877493666339671 2.7712044622696612 3.3706433674609468 1.3557947985910022 58.805000000000007
decision_type=2 2 2 2 2 2 2 2 2
left_child=1 2 3 4 -1 -2 -7 8 -8
right_child=5 -3 -4 -5 -6 6 7 -9 -10
leaf_value=-0.0098420629908408334 0.026403079628944399 -0.00071395984090890535 0.0060926259309053423 -0.019319708243181761 0.0081623464201887441 -0.0010082422445217769 0.019747159183025359 0.019021321221121722 -0.00057629838896294436
leaf_weight=24.000000000000004 4.9999999999999991 72 4.9999999999999991 10.999999999999998 5.9999999999999991 5.9999999999999991 4.9999999999999991 21 8.9999999999999982
leaf_count=24 5 72 5 11 6 6 5 21 9
internal_value=0.00120895 -0.00356521 -0.00802802 -0.00975005 -0.00624118 0.0134557 0.0118768 0.0140856 0.00668208
internal_weight=164 118 46 41 30 46 41 35 14
internal_count=164 118 46 41 30 46 41 35 14
is_linear=0
shrinkage=0.05


Tree=14
num_leaves=10
num_cat=0
split_feature=0 7 3 1 3 3 6 0 2
split_gain=3.74022 0.733605 0.482343 0.462755 0.427938 0.40506 0.346002 0.342257 0.268017
threshold=0.27830400865796917 54.793566415872668 1.2048090778632476 2.2874206194085756 1.4987428798316935 1.8104879552094395 0.84614932741596871 0.21713493262926498 2.3596500230317985
decision_type=2 2 2 2 2 2 2 2 2
left_child=1 3 -2 7 6 -4 -3 -1 -8
right_child=2 4 5 -5 -6 -7 8 -9 -10
leaf_value=-0.014722233798561819 0.0011275734338495468 0.0073736963483194522 0.015687820507918258 -0.02661562219262123 -0.014762977523995297 0.00052539408206939695 -0.0095421738456934694 0.00159338925848715 -0.0017332671210169793
leaf_weight=9.0000000000000018 8.9999999999999982 8.9999999999999982 37 4.9999999999999991 6.9999999999999991 4.9999999999999991 12.999999999999998 4.9999999999999991 71
leaf_count=9 9 9 37 5 7 5 13 5 71
internal_value=0.000303091 -0.00455209 0.0116319 -0.0135585 -0.00284088 0.0138828 -0.00194352 -0.00889523 -0.00294179
internal_weight=170 119 51 19 100 42 93 14 84
internal_count=170 119 51 19 100 42 93 14 84
is_linear=0
shrinkage=0.05


Tree=15
num_leaves=10
num_cat=0
split_feature=0 2 6 10 1 2 1 1 2
split_gain=2.96411 1.07783 0.537421 0.384449 0.383701 0.352634 0.373351 0.44407 0.339441
threshold=0.27074540886795351 2.3823995172867387 1.3360504468447894 10.30145878115634 2.9986325321536618 2.3934070919189643 3.012604166625013 2.6346050150627449 2.3596500230317985
decision_type=2 2 2 2 2 2 2 2 2
left_child=1 8 3 -2 -3 6 7 -4 -1
right_child=2 4 5 -5 -6 -7 -8 -9 -10
leaf_value=-0.011531870970180822 0.011053213709965343 0.00023929334936603427 0.014563205838203426 -0.0033521624112671077 0.015165591835975649 0.024192081019282344 0.015989309074939229 -0.0039739348526511868 -0.0048038056944622789
leaf_weight=38 8.0000000000000018 31 6.0000000000000018 10.999999999999998 4.9999999999999991 5.9999999999999991 15.999999999999998 7 37
leaf_count=38 8 31 6 11 5 6 16 7 37
internal_value=-0.000124914 -0.00479915 0.00948324 0.00271326 0.00231239 0.0131584 0.0108755 0.00458167 -0.00821269
internal_weight=165 111 54 19 36 35 29 13 75
internal_count=165 111 54 19 36 35 29 13 75
is_linear=0
shrinkage=0.05


Tree=16
num_leaves=10
num_cat=0
split_feature=0 6 2 1 0 0 5 5 5
split_gain=3.06968 0.393147 0.526601 0.602027 0.506468 0.3503 0.669772 0.512925 0.328526
threshold=0.29922960529696924 1.4204982631382701 2.3832460753682576 4.2460294016137938 0.24551501144164703 0.22722504535051993 347.72307692307703 414.80000000000001 67.235000000000014
decision_type=2 2 2 2 2 2 2 2 2
left_child=1 2 3 4 5 6 -1 -8 -2
right_child=8 -3 -4 -5 -6 -7 7 -9 -10
leaf_value=-0.017656482813450006 0.0083622262477874767 0.003669813689258364 0.00027518518734723332 0.0098021616041660316 -0.017981406944719228 0.0022368232731241732 0.0077733908314257822 -0.00760896835490712 0.017084598011876406
leaf_weight=12.999999999999998 25 18 40 4.9999999999999991 10.999999999999998 9.9999999999999982 7.0000000000000027 24 19
leaf_count=13 25 18 40 5 11 10 7 24 19
internal_value=0.0007359 -0.00318038 -0.00430132 -0.00691646 -0.00820251 -0.00621051 -0.00813036 -0.00413553 0.0121287
internal_weight=172 128 110 70 65 54 44 31 44
internal_count=172 128 110 70 65 54 44 31 44
is_linear=0
shrinkage=0.05


Tree=17
num_leaves=10
num_cat=0
split_feature=5 8 2 0 1 6 1 3 1
split_gain=2.91678 0.553022 0.346816 0.330191 0.313247 0.294088 0.459683 0.912796 0.496267
threshold=124.67500000000001 2.2429101208773363 2.3841909640397789 0.26672254237258392 5.1167361581969857 1.4436418090512444 2.2874206194085756 0.96732841138563908 2.1693067289502816
decision_type=2 2 2 2 2 2 2 2 2
left_child=1 4 5 -3 -1 6 8 -8 -2
right_child=2 3 -4 -5 -6 -7 7 -9 -10
leaf_value=0.018790033296681937 -0.0085778029645671664 -0.0066627649217844004 -0.00077909540917192187 0.0070733423025480351 0.0044523679465055463 0.0011325735575519501 -0.0016495813700285822 -0.02013439196983681 0.0039653575782722331
leaf_weight=16.000000000000004 23 4.9999999999999991 35 35 4.9999999999999991 9.9999999999999982 11.000000000000002 17 11.999999999999998
leaf_count=16 23 5 35 35 5 10 11 17 12
internal_value=6.55485e-05 0.00880583 -0.00487109 0.00535633 0.0153763 -0.00683301 -0.00809738 -0.0128725 -0.00427729
internal_weight=169 61 108 40 21 73 63 28 35
internal_count=169 61 108 40 21 73 63 28 35
is_linear=0
shrinkage=0.05


Tree=18
num_leaves=10
num_cat=0
split_feature=4 6 10 1 5 5 5 5 6
split_gain=1.9236 0.940145 0.551351 0.855593 0.350706 0.409283 0.746041 0.342749 0.323418
threshold=0.87351830835597177 1.0328464085285902 12.330328836143975 3.5569348322274084 194.52767676767681 393.41500000000008 347.72307692307703 99.225000000000009 1.7662857164004711
decision_type=2 2 2 2 2 2 2 2 2
left_child=1 4 3 8 -1 6 -6 -5 -3
right_child=-2 2 -4 7 5 -7 -8 -9 -10
leaf_value=-0.017187409847974778 0.015087200309100905 -0.00098286804798712493 -0.01334468269099792 0.01698653990558038 -0.0056468326792431358 -0.0082990172487269667 0.017341113165020943 0.001405116729438305 0.012199578657746317
leaf_weight=6.9999999999999991 19 67 5.9999999999999991 12.000000000000002 12.000000000000002 36 4.9999999999999991 4.9999999999999991 4.9999999999999991
leaf_count=7 19 67 6 12 12 36 5 5 5
internal_value=7.16413e-05 -0.00176898 0.0013257 0.00231472 -0.00666888 -0.00527964 0.00111433 0.0124038 -6.74204e-05
internal_weight=174 155 95 89 60 53 17 17 72
internal_count=174 155 95 89 60 53 17 17 72
is_linear=0
shrinkage=0.05


Tree=19
num_leaves=10
num_cat=0
split_feature=0 7 3 3 8 3 4 3 10
split_gain=2.24959 0.573409 0.402924 0.389417 0.446602 0.363214 0.318165 0.406047 0.668542
threshold=0.27074540886795351 55.961241489927268 1.4987428798316935 1.0570572410668748 2.0513633386985348 0.96732841138563908 0.65784004157028464 1.2669946946734305 13.795516446242161
decision_type=2 2 2 2 2 2 2 2 2
left_child=1 3 -3 5 -5 -1 -2 -8 -9
right_child=6 2 -4 4 -6 -7 7 8 -10
leaf_value=-0.01011027246713638 -0.00089428002635637922 -0.0012833815854169245 -0.01590862847864628 0.0019565212423913181 -0.016681001428514721 -0.027289074361324314 0.0026603689417243007 0.014969826417584573 -0.0047326084971427915
leaf_weight=8.0000000000000018 8.9999999999999982 81 4.9999999999999991 8.9999999999999982 4.9999999999999991 4.9999999999999991 15.999999999999998 31 4.9999999999999991
leaf_count=8 9 81 5 9 5 5 16 31 5
internal_value=4.76899e-05 -0.00412939 -0.00213369 -0.0104861 -0.00469974 -0.0167175 0.00778556 0.00928784 0.0122334
internal_weight=174 113 86 27 14 13 61 52 36
internal_count=174 113 86 27 14 13 61 52 36
is_linear=0
shrinkage=0.05


Tree=20
num_leaves=10
num_cat=0
split_feature=4 5 8 6 6 8 10 5 5
split_gain=1.60448 0.365311 0.350278 0.332424 0.53207 0.479471 0.414323 0.329265 0.451387
threshold=0.76550151341358086 124.67500000000001 2.8581856492851752 1.3360504468447894 1.2332813786059964 2.6170350650926442 11.73893844097557 293.41029411764708 215.93000000000004
decision_type=2 2 2 2 2 2 2 2 2
left_child=1 2 -1 4 -2 -5 -7 8 -3
right_child=3 7 -4 5 -6 6 -8 -9 -10
leaf_value=0.009746979346329513 0.010545852815266701 -0.0034144735598767347 -0.0031827666237950326 0.016082663349807264 -0.0091510358576973264 -0.0075523934140801444 0.011292610663388457 -0.0016430497522164575 -0.015469887419021689
leaf_weight=11.000000000000002 7.9999999999999982 22 9.9999999999999982 20 6 4.9999999999999982 7 68 11.999999999999998
leaf_count=11 8 22 10 20 6 5 7 68 12
internal_value=0.000563934 -0.00241541 0.00358996 0.00853044 0.00210433 0.0113419 0.00344053 -0.00365181 -0.00766933
internal_weight=169 123 21 46 14 32 12 102 34
internal_count=169 123 21 46 14 32 12 102 34
is_linear=0
shrinkage=0.05


Tree=21
num_leaves=10
num_cat=0
split_feature=5 8 9 2 9 10 5 11 1
split_gain=2.07408 0.399239 0.44007 0.382904 0.308189 0.424186 0.292063 0.442961 0.49518
threshold=124.67500000000001 2.3512763912184891 12.793470700894771 2.3918900394007312 10.655419718363005 9.2505101241649488 293.41029411764708 2.704090954799701 2.2874206194085756
decision_type=2 2 2 2 2 2 2 2 2
left_child=1 2 -1 6 5 -3 7 8 -2
right_child=3 4 -4 -5 -6 -7 -8 -9 -10
leaf_value=0.014540767851708963 -0.0012901409044085677 0.011153248250484459 -0.0018922191858291627 0.0012508163383851449 0.007598604541271925 -0.0059834638037360634 -0.0037811175726043681 0.00019924669177271426 -0.018133445450803264
leaf_weight=22.000000000000004 6.0000000000000062 5.0000000000000027 4.9999999999999991 24 22 12.999999999999998 57 7.9999999999999991 15.999999999999998
leaf_count=22 6 5 5 24 22 13 57 8 16
internal_value=-0.00014719 0.0067998 0.0114976 -0.00434042 0.00362876 -0.00122327 -0.00588282 -0.00987607 -0.0135398
internal_weight=178 67 27 111 40 18 87 30 22
internal_count=178 67 27 111 40 18 87 30 22
is_linear=0
shrinkage=0.05


Tree=22
num_leaves=10
num_cat=0
split_feature=0 2 5 5 8 0 3 10 3
split_gain=1.37782 0.386153 0.445732 0.632812 0.323956 0.29874 0.353586 0.327829 0.297375
threshold=0.27074540886795351 2.3639877912456186 215.93000000000004 293.41029411764708 2.7844789237889347 0.42530802549164215 1.7705942393061982 13.107391881614946 1.2669946946734305
decision_type=2 2 2 2 2 2 2 2 2
left_child=1 4 -3 -4 -1 6 8 -7 -2
right_child=5 2 3 -5 -6 7 -8 -9 -10
leaf_value=-0.0053264694274503203 0.00089280726388096809 0.0048471791285049663 -0.01556912408106857 -0.00086041880287946425 -0.019011749625205993 0.017027462680231444 -0.0060768312907644685 0.0015865615010261535 0.0097690774856702151
leaf_weight=32 15.999999999999998 23 8.9999999999999982 39 4.9999999999999991 10.999999999999998 6.9999999999999991 4.9999999999999991 23
leaf_count=32 16 23 9 39 5 11 7 5 23
internal_value=0.000376304 -0.00303425 -0.000875962 -0.0036183 -0.00717583 0.00631727 0.00427035 0.0122022 0.00612753
internal_weight=170 108 71 48 37 62 46 16 39
internal_count=170 108 71 48 37 62 46 16 39
is_linear=0
shrinkage=0.05


Tree=23
num_leaves=10
num_cat=0
split_feature=0 7 8 5 8 10 11 5 0
split_gain=1.54512 0.426427 0.60728 0.530687 0.2778 0.344763 0.337547 0.469298 0.337971
threshold=0.29922960529696924 54.793566415872668 2.0513633386985348 414.80000000000001 2.129599940147731 9.2505101241649488 1.6216782452757945 414.80000000000001 0.20276955469189398
decision_type=2 2 2 2 2 2 2 2 2
left_child=1 2 3 -1 6 -6 7 -3 -8
right_child=-2 4 -4 -5 5 -7 8 -9 -10
leaf_value=0.0053535544953774612 0.0086565757409120224 0.014641149342060089 -0.022518886625766756 -0.012345398201917608 0.0054035254344344148 -0.0021972004840200821 -0.015857358137145641 -0.0041198057867586615 -0.0041565172979230909
leaf_weight=8.0000000000000053 39 4.9999999999999991 5.9999999999999991 8.9999999999999982 25 37 7.9999999999999991 9.9999999999999982 27
leaf_count=8 39 5 6 9 25 37 8 10 27
internal_value=-0.000109612 -0.00264207 -0.00884319 -0.00401648 -0.00136862 0.000867608 -0.00414154 0.00213385 -0.006831
internal_weight=174 135 23 17 112 62 50 15 35
internal_count=174 135 23 17 112 62 50 15 35
is_linear=0
shrinkage=0.05


Tree=24
num_leaves=10
num_cat=0
split_feature=0 10 6 1 6 1 6 10 1
split_gain=0.993887 0.241129 0.239103 0.529536 0.286228 0.317467 0.291061 0.408341 0.265182
threshold=0.34610560086788728 13.795516446242161 1.0328464085285902 3.3199133231472726 0.88169730214943298 2.1917558732782374 0.94894029608084185 8.2933714930988156 2.878828993654118
decision_type=2 2 2 2 2 2 2 2 2
left_child=2 -2 3 4 5 -1 7 -6 -4
right_child=1 -3 8 -5 6 -7 -8 -9 -10
leaf_value=-0.0031895567263875695 0.010263358917215776 -0.00074832985798517872 -0.0011934812637892636 -0.015554712666198612 -0.0017706287243137398 0.011869059609515325 -0.00015656601042590208 -0.019546411031236249 0.0053017506037246094
leaf_weight=6.9999999999999982 29 5.9999999999999991 55 7.9999999999999991 7.0000000000000018 7 18 6 22
leaf_count=7 29 6 55 8 7 7 18 6 22
internal_value=0.000896801 0.00837564 -0.00111673 -0.00370136 -0.0015941 0.00433975 -0.00427391 -0.00997484 0.000662299
internal_weight=165 35 130 53 45 14 31 13 77
internal_count=165 35 130 53 45 14 31 13 77
is_linear=0
shrinkage=0.05


Tree=25
num_leaves=10
num_cat=0
split_feature=5 8 3 10 4 10 10 8 2
split_gain=1.16201 0.45454 0.298759 0.267528 0.255616 0.410138 0.417346 0.240605 0.235934
threshold=138.62500000000003 2.2429101208773363 1.1395949103248411 11.73893844097557 0.67635205897699702 9.1518927710764419 8.7129601281896871 2.3159128070061774 2.3445568322694061
decision_type=2 2 2 2 2 2 2 2 2
left_child=1 3 -3 -1 5 6 7 -2 -6
right_child=4 2 -4 -5 8 -7 -8 -9 -10
leaf_value=0.013902482370031064 -0.0073753155987052359 -0.0096688438206911087 0.0032770731440949735 0.00065237395465373999 -0.011196434013545514 -0.015343435895629226 0.0094743213988840586 0.0043717750906944281 0.00037545531553946236
leaf_weight=16.000000000000004 34 4.9999999999999991 41 4.9999999999999991 4.9999999999999991 9.9999999999999982 4.9999999999999991 4.9999999999999991 37
leaf_count=16 34 5 41 5 5 10 5 5 37
internal_value=-0.000400844 0.0046525 0.00186991 0.0107477 -0.00392766 -0.00620305 -0.00412569 -0.00586928 -0.00100215
internal_weight=163 67 46 21 96 54 44 39 42
internal_count=163 67 46 21 96 54 44 39 42
is_linear=0
shrinkage=0.05


Tree=26
num_leaves=10
num_cat=0
split_feature=5 5 4 11 6 9 5 5 5
split_gain=1.17806 0.466306 0.455309 0.304427 0.263763 0.295949 0.276303 0.241312 0.403397
threshold=209.92050505050508 293.41029411764708 0.87351830835597177 2.9344494447626279 1.0534915776687366 10.18631873511857 165.24500000000003 418.35000000000008 347.72307692307703
decision_type=2 2 2 2 2 2 2 2 2
left_child=2 -2 4 -4 5 -1 -6 8 -3
right_child=1 7 3 -5 6 -7 -8 -9 -10
leaf_value=-0.012582253633687895 -0.011493234897908919 -0.0033777635935361358 0.013622441493413026 0.001233219781092235 0.002273612613184834 0.0038885129988193504 0.014590094536542891 -0.0043642578871610268 0.010190204995322145
leaf_weight=5.9999999999999982 17 14.000000000000002 17.000000000000004 6.9999999999999991 51 5 4.9999999999999991 45 8.9999999999999982
leaf_count=6 17 14 17 7 51 5 5 45 9
internal_value=0.000146104 -0.00408651 0.00409965 0.0100089 0.00198289 -0.00509554 0.0033733 -0.00223483 0.00193144
internal_weight=176 85 91 24 67 11 56 68 23
internal_count=176 85 91 24 67 11 56 68 23
is_linear=0
shrinkage=0.05


Tree=27
num_leaves=10
num_cat=0
split_feature=0 1 1 1 1 6 1 1 1
split_gain=1.15005 0.243851 0.4178 0.194951 0.526564 0.365451 0.317575 0.538214 0.294889
threshold=0.27830400865796917 2.715083153092225 3.3706433674609468 2.6585680546852912 2.2874206194085756 1.4436418090512444 3.3199133231472726 3.7319394691369792 2.878828993654118
decision_type=2 2 2 2 2 2 2 2 2
left_child=3 -2 -3 4 -1 -6 8 -8 -5
right_child=1 2 -4 6 5 -7 7 -9 -10
leaf_value=-0.00066695045369366806 0.015457661343472345 -0.0036132605932652955 0.0079054141719196291 0.0011320362015711986 -0.012516457939054815 0.00075755949531282698 -0.014217082251395501 0.0042686677641338771 0.014912114354471366
leaf_weight=60 6.9999999999999991 9.9999999999999982 37 11.000000000000002 20.000000000000004 6.9999999999999991 6.9999999999999991 8.9999999999999982 5.9999999999999991
leaf_count=60 7 10 37 11 20 7 7 9 6
internal_value=0.000691676 0.00675132 0.00545463 -0.00203516 -0.00327636 -0.00907505 0.00123708 -0.00381885 0.00599559
internal_weight=174 54 47 120 87 27 33 16 17
internal_count=174 54 47 120 87 27 33 16 17
is_linear=0
shrinkage=0.05


Tree=28
num_leaves=10
num_cat=0
split_feature=1 7 10 4 1 10 0 8 1
split_gain=1.08358 0.391748 0.31436 0.253214 0.277322 0.329139 0.230822 0.214325 0.221796
threshold=3.9706155565818348 55.023387200896501 13.795516446242161 0.59793480893392315 2.878828993654118 10.137914047508565 0.28789973171458866 2.0107302080056666 2.1211915426733694
decision_type=2 2 2 2 2 2 2 2 2
left_child=1 7 -2 -3 5 6 -5 8 -1
right_child=2 3 -4 4 -6 -7 -8 -9 -10
leaf_value=-0.01179265864193439 0.010983330144413881 -0.005979763427603757 -0.0016282266626755399 -0.00018303753847233347 0.0058880697181891836 -0.0090589505480602375 0.011013400182127953 -0.016919528096914292 0.0013080290252608911
leaf_weight=6.0000000000000018 28 15.999999999999998 5.9999999999999991 58 21 9.9999999999999982 4.9999999999999991 4.9999999999999991 7
leaf_count=6 28 16 6 58 21 10 5 5 7
internal_value=0.000823463 -0.00128408 0.00875776 -0.00016514 0.000824583 -0.000632037 0.000705569 -0.00812208 -0.00473844
internal_weight=162 128 34 110 94 73 63 18 13
internal_count=162 128 34 110 94 73 63 18 13
is_linear=0
shrinkage=0.05


Tree=29
num_leaves=10
num_cat=0
split_feature=0 7 6 1 6 3 7 11 9
split_gain=0.903031 0.241006 0.326645 0.441343 0.324238 0.229364 0.221732 0.214024 0.210153
threshold=0.29922960529696924 54.119281791140075 0.88169730214943298 2.2445044538259853 0.94894029608084185 1.8104879552094395 57.799735954902225 2.9344494447626279 8.2124485441578354
decision_type=2 2 2 2 2 2 2 2 2
left_child=1 8 3 -3 6 7 -4 -2 -1
right_child=5 2 4 -5 -6 -7 -8 -9 -10
leaf_value=-0.0030006061866879466 0.010644355576870771 -0.00027260214737907524 -0.0023250408393020437 0.018663901947438714 -0.0003219541683459439 -0.0018917320296168328 -0.01591828862826029 0.0014067684998735786 -0.015555085297673941
leaf_weight=9.9999999999999982 29 7.9999999999999982 5.9999999999999982 5 82 5.9999999999999991 6 7.9999999999999991 4.9999999999999991
leaf_count=10 29 8 6 5 82 6 6 8 5
internal_value=0.000945982 -0.00125002 -0.000417958 0.00701067 -0.00144532 0.00717651 -0.00912166 0.00864704 -0.00718543
internal_weight=165 122 107 13 94 43 12 37 15
internal_count=165 122 107 13 94 43 12 37 15
is_linear=0
shrinkage=0.05


Tree=30
num_leaves=10
num_cat=0
split_feature=4 10 9 10 8 4 10 8 2
split_gain=0.587487 0.446739 0.6112 0.266295 0.429102 0.286166 0.308949 0.243094 0.261054
threshold=0.87351830835597177 12.330328836143975 10.309136274376909 9.2505101241649488 2.129599940147731 0.78301023785032531 9.5899544488324473 2.7844789237889347 2.3757035222909697
decision_type=2 2 2 2 2 2 2 2 2
left_child=1 2 3 4 -1 6 -5 8 -8
right_child=-2 -3 -4 5 -6 -7 7 -9 -10
leaf_value=-0.0032819293856543178 0.0072161990015403091 -0.016055857129395008 0.0057883151091768278 -0.013086144360048424 0.0044082632545793714 -0.016117516035834948 0.010816768587877348 -0.0083935005424012037 -0.003396118187811225
leaf_weight=60 23 4.9999999999999991 28 7.0000000000000027 26 5.9999999999999991 6.0000000000000018 6.9999999999999991 7
leaf_count=60 23 5 28 7 26 6 6 7 7
internal_value=-0.000231255 -0.00135817 -0.000858251 -0.00242215 -0.000956987 -0.00624045 -0.00404555 -0.000881336 0.00316368
internal_weight=175 152 147 119 86 33 27 20 13
internal_count=175 152 147 119 86 33 27 20 13
is_linear=0
shrinkage=0.05


Tree=31
num_leaves=10
num_cat=0
split_feature=0 5 5 5 7 3 7 3 7
split_gain=1.02902 0.306548 0.472592 0.32942 0.431629 0.267492 0.288788 0.243589 0.224187
threshold=0.33602124541218942 393.41500000000008 347.72307692307703 215.93000000000004 54.243217884465523 1.0822219508321951 55.770595177552721 1.2126078077288509 55.770595177552721
decision_type=2 2 2 2 2 2 2 2 2
left_child=1 2 3 4 -1 6 -3 -5 -6
right_child=-2 5 -4 7 8 -7 -8 -9 -10
leaf_value=-0.013020333498716355 0.0082558945170603699 -0.014903233647346492 0.012447195260652475 -0.0027950647804472176 0.011450638474586111 -0.00013944876708966845 -0.00430575505985568 -0.013787236703293666 0.0011746756221248729
leaf_weight=4.9999999999999991 32 10.000000000000002 6.9999999999999991 18.000000000000004 5.9999999999999991 17 18 6.9999999999999991 46
leaf_count=5 32 10 7 18 6 17 18 7 46
internal_value=0.000200168 -0.00172359 -2.30811e-05 -0.00108762 0.00101118 -0.00508681 -0.00809057 -0.00587287 0.00236036
internal_weight=166 134 89 82 57 45 28 25 52
internal_count=166 134 89 82 57 45 28 25 52
is_linear=0
shrinkage=0.05


Tree=32
num_leaves=10
num_cat=0
split_feature=0 2 1 1 11 1 3 0 6
split_gain=1.16359 0.339661 0.282403 0.399899 0.267764 0.319493 0.29747 0.218717 0.154405
threshold=0.27074540886795351 2.3823995172867387 3.7319394691369792 3.1871553470136456 1.7714340543907232 2.1693067289502816 1.0641010232489696 0.19597406500711054 1.3360504468447894
decision_type=2 2 2 2 2 2 2 2 2
left_child=1 2 3 4 5 -1 -6 -7 -2
right_child=8 -3 -4 -5 6 7 -8 -9 -10
leaf_value=-0.0056169027101101443 0.0020426547154784205 0.0011104646691819653 0.0045011859387159353 -0.018370018030206364 -0.016465728598996057 0.012791237961500885 -0.0052068318303843796 -0.00090080646664968545 0.007714308374043969
leaf_weight=19.000000000000004 18 32 6.9999999999999991 5.9999999999999991 8.0000000000000018 4.9999999999999982 22 7 36
leaf_count=19 18 32 7 6 8 5 22 7 36
internal_value=-0.000150255 -0.00319362 -0.00505485 -0.00605324 -0.00484175 -0.00158292 -0.0082092 0.00480421 0.00582376
internal_weight=160 106 74 67 61 31 30 12 54
internal_count=160 106 74 67 61 31 30 12 54
is_linear=0
shrinkage=0.05


Tree=33
num_leaves=10
num_cat=0
split_feature=9 10 5 3 1 2 3 11 3
split_gain=0.481976 0.506974 0.337221 0.239762 0.308736 0.234843 0.300465 0.244264 0.185071
threshold=10.309136274376909 10.137914047508565 86.485000000000014 1.7705942393061982 3.012604166625013 2.3596500230317985 1.0570572410668748 1.7086389954351453 1.4444674749754556
decision_type=2 2 2 2 2 2 2 2 2
left_child=1 2 -1 4 -2 6 -4 -8 -7
right_child=3 -3 5 -5 -6 8 7 -9 -10
leaf_value=0.011759673953056335 -0.0047991866711527111 -0.014814262531165565 -0.010564483156693831 -0.0043323924898036889 0.0074764939770102503 0.0012862810194069012 0.0074420970864593943 -0.0050994868813590572 -0.0061083233589306479
leaf_weight=4.9999999999999991 5.9999999999999991 6.9999999999999991 14.000000000000002 6.9999999999999991 35 55 6.0000000000000027 10.999999999999998 9.9999999999999982
leaf_count=5 6 7 14 7 35 55 6 11 10
internal_value=5.11002e-05 -0.0018017 -0.000899841 0.0042199 0.00568005 -0.00155919 -0.00514015 -0.000673045 0.00014865
internal_weight=156 108 101 48 41 96 31 17 65
internal_count=156 108 101 48 41 96 31 17 65
is_linear=0
shrinkage=0.05


Tree=34
num_leaves=10
num_cat=0
split_feature=11 7 4 4 1 1 11 1 2
split_gain=0.606096 0.417778 0.25837 0.355957 0.402259 0.358793 0.27897 0.270563 0.220927
threshold=2.7902747997421309 58.299517403132434 0.78301023785032531 0.70694463170008537 2.2874206194085756 2.7518023879089504 2.3133889719756575 1.9782184939860383 2.3695104393187729
decision_type=2 2 2 2 2 2 2 2 2
left_child=1 2 3 4 7 -5 -6 8 -1
right_child=-2 -3 -4 5 6 -7 -8 -9 -10
leaf_value=-0.015357081592082981 0.0051196009499599807 0.0021181516093201937 -0.011202562363310294 -0.0052959726059011031 -0.012664284303441251 0.0094633910432457922 -0.0015339245350332932 0.0019317310295857326 -0.001596057933888265
leaf_weight=4.9999999999999982 37 40 10.999999999999998 7.0000000000000027 19.000000000000004 9.9999999999999982 7.9999999999999991 23 7
leaf_count=5 37 40 11 7 19 10 8 23 7
internal_value=-0.00052656 -0.00213354 -0.00402319 -0.00302353 -0.00478098 0.00338601 -0.0093664 -0.00124366 -0.00732982
internal_weight=167 130 90 79 62 17 27 35 12
internal_count=167 130 90 79 62 17 27 35 12
is_linear=0
shrinkage=0.05


Tree=35
num_leaves=10
num_cat=0
split_feature=0 11 11 7 8 1 2 8 10
split_gain=0.522063 0.350759 0.351704 0.218962 0.326384 0.344883 0.15882 0.183017 0.406363
threshold=0.29922960529696924 3.0726982287189579 2.8908039308434406 54.793566415872668 2.0513633386985348 2.1211915426733694 2.3415634923750317 2.0107302080056666 8.6703360276051722
decision_type=2 2 2 2 2 2 2 2 2
left_child=3 2 -2 4 5 -1 -5 8 -8
right_child=1 -3 -4 6 -6 -7 7 -9 -10
leaf_value=-0.013680945783853513 0.0044786380155494914 -0.005621776929391282 0.018915290087461473 0.0075952146202325826 -0.015476338831441745 0.0019488967799892029 -0.0018032444335403849 -0.00045340693337313925 -0.018133453596383336
leaf_weight=5.0000000000000062 27 6.9999999999999991 4.9999999999999991 4.9999999999999991 6.9999999999999991 11.999999999999998 16.000000000000004 81 4.9999999999999991
leaf_count=5 27 7 5 5 7 12 16 81 5
internal_value=-0.000561613 0.0045166 0.00673436 -0.00207345 -0.00638968 -0.00264812 -0.00110532 -0.00153182 -0.00569139
internal_weight=170 39 32 131 24 17 107 102 21
internal_count=170 39 32 131 24 17 107 102 21
is_linear=0
shrinkage=0.05


Tree=36
num_leaves=10
num_cat=0
split_feature=0 1 1 10 0 4 1 10 6
split_gain=0.503187 0.32534 0.309381 0.19712 0.197964 0.27972 0.247853 0.206656 0.143959
threshold=0.27830400865796917 2.715083153092225 2.9986325321536618 13.795516446242161 0.42530802549164215 0.80678608244038108 3.7319394691369792 11.356802288667284 1.7254593886500904
decision_type=2 2 2 2 2 2 2 2 2
left_child=8 -2 -3 4 5 7 -7 -4 -1
right_child=1 2 3 -5 -6 6 -8 -9 -10
leaf_value=-0.0018745761393282529 0.015332692364851633 -0.0087884008325636396 0.01516023675600687 -0.0049495092034339905 0.010906646082488199 0.0054696146398782739 -0.0083792373538017269 0.002037222365227838 0.0067967912182211876
leaf_weight=112 5.9999999999999991 4.9999999999999991 6.0000000000000018 4.9999999999999991 11.999999999999998 5.9999999999999982 7 6 4.9999999999999991
leaf_count=112 6 5 6 5 12 6 7 6 5
internal_value=0.000326856 0.00436857 0.00296889 0.00436857 0.00562777 0.00309391 -0.00198746 0.00859873 -0.001504
internal_weight=170 53 47 42 37 25 13 12 117
internal_count=170 53 47 42 37 25 13 12 117
is_linear=0
shrinkage=0.05


Tree=37
num_leaves=10
num_cat=0
split_feature=0 8 8 10 8 9 11 8 7
split_gain=0.583501 0.314458 0.279037 0.265935 0.237784 0.364874 0.185761 0.159802 0.132767
threshold=0.28789973171458866 3.6675001061841632 2.2429101208773363 10.331441462339525 3.5641525515866133 11.404427067617348 2.8006849682597337 2.5202364384102305 54.793566415872668
decision_type=2 2 2 2 2 2 2 2 2
left_child=1 3 6 8 5 7 -2 -4 -1
right_child=2 -3 4 -5 -6 -7 -8 -9 -10
leaf_value=-0.0056418714217013784 0.0066550436119238547 -0.013876686766743661 0.0091806258873215665 0.0077265354804694659 0.0082494963730410254 -0.010059960559010506 0.018675044775009156 -0.0025229088962078093 -0.00094215895898722027
leaf_weight=18 8.9999999999999982 4.9999999999999991 7.0000000000000053 7.9999999999999991 10.999999999999998 6.9999999999999991 4.9999999999999991 5 91
leaf_count=18 9 5 7 8 11 7 5 5 91
internal_value=0.000183035 -0.00159722 0.00511921 -0.00107246 0.00239915 -0.000987889 0.0109479 0.00430415 -0.00171826
internal_weight=166 122 44 117 30 19 14 12 109
internal_count=166 122 44 117 30 19 14 12 109
is_linear=0
shrinkage=0.05


Tree=38
num_leaves=10
num_cat=0
split_feature=5 5 0 3 1 1 5 3 3
split_gain=0.525 0.50707 0.347235 0.204098 0.197536 0.159757 0.159899 0.252469 0.256585
threshold=209.92050505050508 247.86500000000004 0.22804009802046202 1.7705942393061982 1.8855499332122336 4.2460294016137938 165.24500000000003 1.1395949103248411 1.1632995663367913
decision_type=2 2 2 2 2 2 2 2 2
left_child=2 -2 -1 5 -3 6 7 -4 -9
right_child=1 4 3 -5 -6 -7 -8 8 -10
leaf_value=-0.0078836682385631986 -0.014955270825885237 -0.011326982118189336 -0.0076413113158196218 -0.0037201219587586821 -0.0010447912013263141 0.0087339764460921294 0.0095364158507436521 0.013933854121714821 0.0015261535327881575
leaf_weight=6.9999999999999991 7.9999999999999991 4.9999999999999991 5.9999999999999991 7.9999999999999991 71 18 7.9999999999999991 5.0000000000000027 25
leaf_count=7 8 5 6 8 71 18 8 5 25
internal_value=-0.000247986 -0.00298163 0.00273418 0.00379596 -0.00172125 0.00476578 0.00314242 0.00172153 0.0035941
internal_weight=161 84 77 70 76 62 44 36 30
internal_count=161 84 77 70 76 62 44 36 30
is_linear=0
shrinkage=0.05


Tree=39
num_leaves=10
num_cat=0
split_feature=11 7 7 1 7 11 5 11 0
split_gain=0.496798 0.231227 0.574988 0.293047 0.295337 0.445796 0.203745 0.189762 0.150614
threshold=2.7902747997421309 58.299517403132434 57.761426405981112 4.2460294016137938 57.52349622130793 2.22526624709965 305.41333333333341 1.758407374826974 0.24379163744105378
decision_type=2 2 2 2 2 2 2 2 2
left_child=1 2 3 4 5 -1 -4 -3 -5
right_child=-2 7 6 8 -6 -7 -8 -9 -10
leaf_value=-0.0016775663442482863 0.0051322555245964657 -0.0066854575959344707 -0.015711585376411673 -0.0014419993385672569 0.0080700797804941736 -0.013804013633893598 -0.0050061468500643969 0.0029189912046098873 0.0093813169980421669
leaf_weight=48 35 5.9999999999999991 10.000000000000002 4.9999999999999991 5.9999999999999991 8.9999999999999982 7.9999999999999991 36 8.9999999999999982
leaf_count=48 35 6 10 5 6 9 8 36 9
internal_value=-0.000184198 -0.00154242 -0.00290823 -0.00102749 -0.00248157 -0.00359227 -0.0109536 0.00154693 0.00551585
internal_weight=172 137 95 77 63 57 18 42 14
internal_count=172 137 95 77 63 57 18 42 14
is_linear=0
shrinkage=0.05


Tree=40
num_leaves=10
num_cat=0
split_feature=4 7 4 11 2 6 5 5 6
split_gain=0.434784 0.312217 0.270719 0.261299 0.188154 0.164385 0.153213 0.428524 0.411224
threshold=0.87351830835597177 54.793566415872668 0.63263083882565263 2.9344494447626279 2.3463357045959286 1.7662857164004711 336.65978348035293 393.41500000000008 0.92739789501316949
decision_type=2 2 2 2 2 2 2 2 2
left_child=1 2 -1 -2 -3 6 8 -8 -6
right_child=3 4 -4 -5 5 -7 7 -9 -10
leaf_value=0.00060747567978170164 0.010187589650352795 0.0059294585390792546 -0.010361546203494073 -0.0021584335093696914 -0.016373131275177002 0.0067705030153904638 0.012565991069589342 -0.0010913374113442843 -0.0014758040731225814
leaf_weight=9.0000000000000018 15.000000000000002 11.999999999999998 14.999999999999998 5.9999999999999991 4.9999999999999991 6.9999999999999991 6.9999999999999991 32 63
leaf_count=9 15 12 15 6 5 7 7 32 63
internal_value=-7.80574e-05 -0.00102141 -0.00624816 0.00666015 -2.58345e-05 -0.000652707 -0.00113834 0.00135998 -0.0025712
internal_weight=171 150 24 21 126 114 107 39 68
internal_count=171 150 24 21 126 114 107 39 68
is_linear=0
shrinkage=0.05


Tree=41
num_leaves=10
num_cat=0
split_feature=10 9 7 0 10 10 10 9 4
split_gain=0.239637 0.316002 0.214897 0.178418 0.235542 0.218514 0.171884 0.153253 0.137028
threshold=13.795516446242161 10.554373299520369 55.023387200896501 0.28789973171458866 9.1518927710764419 8.6703360276051722 9.5899544488324473 8.1167118141500669 0.67778090178261274
decision_type=2 2 2 2 2 2 2 2 2
left_child=1 2 7 4 5 8 -6 -1 -4
right_child=-2 -3 3 -5 6 -7 -8 -9 -10
leaf_value=-0.0019276309385895724 -0.0097241828838984176 0.0043839139562362852 -0.001922051894122406 0.006249372826211832 -0.0098583201567331927 0.0073622891019719354 -0.0016560168176180346 -0.010180668139623272 0.0038149744489540658
leaf_weight=15.000000000000002 5.9999999999999991 39 34 10.999999999999998 9.0000000000000018 11.999999999999998 22 8.9999999999999982 14.999999999999998
leaf_count=15 6 39 34 11 9 12 22 9 15
internal_value=9.24142e-05 0.000447231 -0.000761672 0.000231147 -0.000488423 0.00131512 -0.00403733 -0.00502252 -0.000165819
internal_weight=172 166 127 103 92 61 31 24 49
internal_count=172 166 127 103 92 61 31 24 49
is_linear=0
shrinkage=0.05


Tree=42
num_leaves=10
num_cat=0
split_feature=4 10 5 8 0 4 6 9 6
split_gain=0.282645 0.189494 0.288018 0.195347 0.181235 0.212546 0.417481 0.198643 0.156268
threshold=0.665148299285934 13.795516446242161 58.805000000000007 2.7844789237889347 0.18760106669728724 0.78301023785032531 1.3982504269798 10.262964841433288 0.86675777097060458
decision_type=2 2 2 2 2 2 2 2 2
left_child=8 2 -2 4 -4 7 -7 -6 -1
right_child=1 -3 3 -5 5 6 -8 -9 -10
leaf_value=0.0035938071552664044 0.011046524739099874 -0.0066360378637909893 -0.0020011043207099045 -0.0026968239108100533 0.0044964264379814267 -0.0072009100951254349 0.0072469394467771057 0.013395891850814225 -0.0031917014340121699
leaf_weight=9.9999999999999982 8.9999999999999982 5.9999999999999991 14.999999999999998 20 29 10.000000000000002 9.9999999999999982 7.9999999999999991 56
leaf_count=10 9 6 15 20 29 10 10 8 56
internal_value=0.000409688 0.00199695 0.0025098 0.00167468 0.00288899 0.00417586 2.30147e-05 0.00642064 -0.00216359
internal_weight=173 107 101 92 72 57 20 37 66
internal_count=173 107 101 92 72 57 20 37 66
is_linear=0
shrinkage=0.05


Tree=43
num_leaves=10
num_cat=0
split_feature=6 1 10 7 8 5 1 1 3
split_gain=0.221427 0.177332 0.299233 0.228392 0.257762 0.23761 0.221535 0.284023 0.316231
threshold=1.8477114849485254 4.2460294016137938 13.795516446242161 55.023387200896501 2.0513633386985348 414.80000000000001 2.296684599566472 2.5999443856766136 1.1632995663367913
decision_type=2 2 2 2 2 2 2 2 2
left_child=1 3 -3 4 5 -1 -5 -8 -9
right_child=-2 2 -4 6 -6 -7 7 8 -10
leaf_value=0.0051229829589525804 0.0093373619485646493 0.0053889346111995673 -0.0056692101992666727 0.0022900236111649489 -0.015834027677774431 -0.0070633200307687119 -0.0069970562521900455 0.0056670311256311837 -0.0032038055931884121
leaf_weight=6.0000000000000062 5.9999999999999991 26 7.9999999999999991 47 4.9999999999999991 11.999999999999998 21 15.999999999999998 27
leaf_count=6 6 26 8 47 5 12 21 16 27
internal_value=-0.000100843 -0.000437921 0.00278702 -0.00125619 -0.00579096 -0.00300122 -0.000316552 -0.00223076 9.69709e-05
internal_weight=174 168 34 134 23 18 111 64 43
internal_count=174 168 34 134 23 18 111 64 43
is_linear=0
shrinkage=0.05


Tree=44
num_leaves=10
num_cat=0
split_feature=7 1 2 8 2 1 4 1 5
split_gain=0.220575 0.251696 0.212775 0.178239 0.184426 0.166987 0.33888 0.415985 0.156453
threshold=58.252998203033819 3.7690478716967859 2.3731088285745838 2.2429101208773363 2.3616259563186559 2.2874206194085756 0.665148299285934 2.6346050150627449 492.53500000000003
decision_type=2 2 2 2 2 2 2 2 2
left_child=1 5 3 -3 -5 8 -7 -8 -1
right_child=-2 2 -4 4 -6 6 7 -9 -10
leaf_value=0.0022420914843678474 0.0020500792357367728 0.011996474458525565 -0.0059633416434129085 -0.0021205356065183878 0.0096403837949037563 -0.01088050437735065 -0.009187322550199245 0.0036139586448553015 -0.003868183571929959
leaf_weight=20 53 6.0000000000000062 5.9999999999999991 9.9999999999999982 4.9999999999999991 17 11.000000000000002 14.999999999999998 22
leaf_count=20 53 6 6 10 5 17 11 15 22
internal_value=-0.000607445 -0.00186502 0.00234057 0.00471311 0.00179977 -0.00320092 -0.00539116 -0.00180197 -0.000958529
internal_weight=165 112 27 21 15 85 43 26 42
internal_count=165 112 27 21 15 85 43 26 42
is_linear=0
shrinkage=0.05


Tree=45
num_leaves=10
num_cat=0
split_feature=3 2 3 4 1 1 7 4 7
split_gain=0.287136 0.250965 0.270117 0.238477 0.207018 0.189937 0.116909 0.114535 0.11288
threshold=1.0392903301648853 2.3445568322694061 1.0100677876423567 0.63404289938412817 2.2733530670352455 2.6585680546852912 54.119281791140075 0.72193254278511443 57.97759698281542
decision_type=2 2 2 2 2 2 2 2 2
left_child=1 -1 5 4 -2 7 -5 8 -3
right_child=3 2 -4 6 -6 -7 -8 -9 -10
leaf_value=-0.0094570156779478914 0.001947683088219492 0.0044695780974709273 -0.010455709633727869 -0.0035399967183669411 -0.0054435148964532554 0.007755130482837558 0.0036932878431225956 -0.0079039169847965243 -0.0039962131263954299
leaf_weight=10.999999999999998 20 9.0000000000000089 5.9999999999999991 5.9999999999999991 18 7.9999999999999991 81 4.9999999999999991 6.9999999999999991
leaf_count=11 20 9 6 6 18 8 81 5 7
internal_value=0.000508184 -0.00286929 -0.00079886 0.00175109 -0.00155341 0.00119911 0.00319444 -0.00129842 0.000765794
internal_weight=171 46 35 125 38 29 87 21 16
internal_count=171 46 35 125 38 29 87 21 16
is_linear=0
shrinkage=0.05


Tree=46
num_leaves=10
num_cat=0
split_feature=6 0 0 7 1 1 6 4 6
split_gain=0.351255 0.172166 0.24745 0.320881 0.218219 0.39468 0.148418 0.324669 0.202564
threshold=1.0379244787384083 0.27074540886795351 0.23978655868378107 57.52349622130793 2.6346050150627449 2.878828993654118 0.86675777097060458 0.66156917816786842 0.92739789501316949
decision_type=2 2 2 2 2 2 2 2 2
left_child=6 2 -2 -4 -3 -6 7 -1 -8
right_child=1 4 3 -5 5 -7 8 -9 -10
leaf_value=0.0074717127511070812 0.0029042016056462609 0.010269439620315098 -0.012956549307065343 -0.00059529341136415801 -0.0098345436116990953 0.0039404390954400582 -0.0089682708497789195 -0.0056184784695506099 -0.0019492840985409342
leaf_weight=9.0000000000000018 29 9.9999999999999982 7.0000000000000027 21 5.9999999999999991 39 17 9.9999999999999982 26
leaf_count=9 29 10 7 21 6 39 17 10 26
internal_value=-7.86912e-05 0.00159276 -0.000332898 -0.00368561 0.00358844 0.00210377 -0.00309809 0.000582138 -0.00472423
internal_weight=174 112 57 28 55 45 62 19 43
internal_count=174 112 57 28 55 45 62 19 43
is_linear=0
shrinkage=0.05


Tree=47
num_leaves=10
num_cat=0
split_feature=0 3 3 11 5 10 10 7 7
split_gain=0.268712 0.189897 0.156067 0.248521 0.12105 0.0886041 0.324098 0.152976 0.155332
threshold=0.27830400865796917 1.7705942393061982 1.4444674749754556 3.0726982287189579 90.50500000000001 9.6735131861392691 9.2505101241649488 57.711954197213522 58.433063820048467
decision_type=2 2 2 2 2 2 2 2 2
left_child=4 2 3 -2 -1 6 -6 -7 -9
right_child=1 -3 -4 -5 5 7 -8 8 -10
leaf_value=-0.0077534185256808996 0.0048775216304840384 -0.0042151234777910371 0.0092573742052011847 -0.0064117170870304115 2.2628948776216447e-05 0.0073581265751272414 -0.0082315108339701386 -0.0058564698643749557 0.0033001631159674037
leaf_weight=5.9999999999999991 26 6.9999999999999991 12.999999999999998 5.9999999999999991 79 9.0000000000000018 13.999999999999998 8.0000000000000018 10.999999999999998
leaf_count=6 26 7 13 6 79 9 14 8 11
internal_value=0.000418349 0.00344587 0.00463758 0.00276079 -0.000821266 -0.000477523 -0.00121993 0.00198833 -0.000555261
internal_weight=179 52 45 32 127 121 93 28 19
internal_count=179 52 45 32 127 121 93 28 19
is_linear=0
shrinkage=0.05


Tree=48
num_leaves=10
num_cat=0
split_feature=0 10 10 3 3 9 9 4 4
split_gain=0.36432 0.147349 0.19202 0.184861 0.250847 0.251835 0.201468 0.172455 0.11013
threshold=0.26672254237258392 9.6735131861392691 11.356802288667284 1.0641010232489696 1.1460587038954928 8.9667610705148899 8.5697364514021022 0.69261007260121599 0.65784004157028464
decision_type=2 2 2 2 2 2 2 2 2
left_child=1 3 7 6 -5 -6 -1 -3 -2
right_child=8 2 -4 4 5 -7 -8 -9 -10
leaf_value=-0.0042074435922716345 -0.0019141816999763252 0.011318031707778557 -0.0069357358540097884 0.005263698609037833 -0.00090967761020043056 -0.011860546682562147 -0.01459635359545549 0.00075447597705266068 0.0038153182736445721
leaf_weight=21.000000000000004 9.9999999999999982 5.0000000000000062 5.9999999999999991 10.999999999999998 21.000000000000004 6.9999999999999991 5.9999999999999991 17 52
leaf_count=21 10 5 6 11 21 7 6 17 52
internal_value=-8.40015e-05 -0.00204637 0.000992923 -0.00333577 -0.00113401 -0.00364739 -0.00651609 0.00315528 0.00289121
internal_weight=156 94 28 66 39 28 27 22 62
internal_count=156 94 28 66 39 28 27 22 62
is_linear=0
shrinkage=0.05


Tree=49
num_leaves=10
num_cat=0
split_feature=9 10 5 5 5 1 10 7 1
split_gain=0.293398 0.411737 0.195776 0.379168 0.256152 0.216751 0.186014 0.160258 0.237962
threshold=10.309136274376909 10.137914047508565 393.41500000000008 347.72307692307703 209.92050505050508 2.2874206194085756 13.795516446242161 58.803975715202263 3.7690478716967859
decision_type=2 2 2 2 2 2 2 2 2
left_child=1 2 3 4 -1 -6 7 8 -2
right_child=6 -3 -4 -5 5 -7 -8 -9 -10
leaf_value=0.0016819071301535982 -0.0019681672623846681 -0.01581523209810257 -0.0038600823001527203 0.010741341253742577 0.00030562566593289364 -0.0096615297021344308 -0.0054466795176267629 0.010875674124274936 0.0061256841845100836
leaf_weight=37 15.999999999999998 4.9999999999999991 41 7.9999999999999991 10.000000000000002 11.999999999999998 5.9999999999999991 6.9999999999999991 21
leaf_count=37 16 5 41 8 10 12 6 7 21
internal_value=-0.000377068 -0.00178814 -0.00113874 0.000526555 -0.000858501 -0.005131 0.00281197 0.00393815 0.00262564
internal_weight=163 113 108 67 59 22 50 44 37
internal_count=163 113 108 67 59 22 50 44 37
is_linear=0
shrinkage=0.05


Tree=50
num_leaves=10
num_cat=0
split_feature=11 3 3 3 1 1 11 1 3
split_gain=0.233881 0.170904 0.17728 0.358839 0.206415 0.178397 0.238603 0.172358 0.180753
threshold=2.7902747997421309 1.4750476454840706 1.0641010232489696 0.96732841138563908 4.3850077889815546 2.2096835215206263 1.8186520179288082 2.372888729622709 1.2669946946734305
decision_type=2 2 2 2 2 2 2 2 2
left_child=1 2 3 5 7 -1 -7 -4 -9
right_child=-2 -3 4 -5 -6 6 -8 8 -10
leaf_value=-0.0028679680716442437 0.0030749288501026924 -0.0063567575843383869 0.0023640471753691708 -0.0083378557017759272 0.0091634239934917008 0.0094357061510284748 -0.0041870694048702717 -0.0065312619398658458 0.0024316952356861696
leaf_weight=19 39 14.999999999999998 34 19 6.9999999999999991 8.9999999999999982 4.9999999999999991 15.000000000000002 8.9999999999999982
leaf_count=19 39 15 34 19 7 9 5 15 9
internal_value=-0.000326993 -0.00133211 -0.000687921 -0.00286394 0.00105289 0.000287716 0.00457043 7.40333e-05 -0.00317015
internal_weight=171 132 117 52 65 33 14 58 24
internal_count=171 132 117 52 65 33 14 58 24
is_linear=0
shrinkage=0.05


Tree=51
num_leaves=10
num_cat=0
split_feature=0 2 7 6 3 6 6 4 0
split_gain=0.213873 0.100265 0.166871 0.089428 0.257563 0.182353 0.150652 0.149859 0.141654
threshold=0.36116525828644813 2.3823995172867387 59.057502703970542 1.0328464085285902 1.1632995663367913 1.1851338717941131 1.2332813786059964 0.77202095140015803 0.22885841637036577
decision_type=2 2 2 2 2 2 2 2 2
left_child=3 -2 -3 -1 6 -6 8 -8 -5
right_child=1 2 -4 4 5 -7 7 -9 -10
leaf_value=-0.0020511172822345112 0.0064500316253138902 -0.0063552384823560727 0.0060126828573023273 0.0043905079644173351 0.0038721401050376397 -0.0030986740486696365 0.0041872791666537528 0.014788877936080098 -0.0053273170565565431
leaf_weight=59 18.000000000000004 4.9999999999999982 6 10.000000000000005 11.999999999999998 43 9.9999999999999982 4.9999999999999991 5.9999999999999991
leaf_count=59 18 5 6 10 12 43 10 5 6
internal_value=0.000231986 0.00415174 0.0003909 -0.000551965 0.000476524 -0.00157777 0.00412124 0.00772115 0.000746324
internal_weight=174 29 11 145 86 55 31 15 16
internal_count=174 29 11 145 86 55 31 15 16
is_linear=0
shrinkage=0.05


Tree=52
num_leaves=10
num_cat=0
split_feature=0 11 8 9 5 5 5 9 1
split_gain=0.149656 0.110674 0.225773 0.168752 0.131849 0.320376 0.302718 0.253756 0.195151
threshold=0.42530802549164215 2.8908039308434406 2.5853099101719521 9.4365096214008517 336.65978348035293 215.93000000000004 393.41500000000008 9.6335581527136096 2.1693067289502816
decision_type=2 2 2 2 2 2 2 2 2
left_child=1 4 3 -3 5 8 -6 -7 -1
right_child=-2 2 -4 -5 6 7 -8 -9 -10
leaf_value=0.00844275380174319 0.0058893229727717961 0.0012312673591077321 -0.0034714281326159837 0.01366868143280347 0.0091596274450421334 -0.0041333704876403005 -0.00045791745289332344 -0.017139943391084673 -0.001022029689673958
leaf_weight=5.9999999999999991 10.999999999999998 5.0000000000000018 6.9999999999999991 6 9.9999999999999982 15.000000000000002 45 4.9999999999999991 59
leaf_count=6 11 5 7 6 10 15 45 5 59
internal_value=0.000250281 -0.000142311 0.00354825 0.00801531 -0.000616811 -0.0018511 0.00129073 -0.00738501 -0.000148357
internal_weight=169 158 18 11 140 85 55 20 65
internal_count=169 158 18 11 140 85 55 20 65
is_linear=0
shrinkage=0.05


Tree=53
num_leaves=10
num_cat=0
split_feature=7 5 5 0 4 7 2 1 1
split_gain=0.188984 0.131088 0.145065 0.226909 0.163314 0.151469 0.184323 0.134983 0.133078
threshold=58.5499974577884 58.805000000000007 67.235000000000014 0.36116525828644813 0.78301023785032531 57.761426405981112 2.3596500230317985 1.9782184939860383 2.296684599566472
decision_type=2 2 2 2 2 2 2 2 2
left_child=1 -1 -3 4 5 6 7 -4 -7
right_child=-2 2 3 -5 -6 8 -8 -9 -10
leaf_value=0.0039049153146333993 0.0025198394651751088 -0.0078181368019431836 -0.0093005865191419911 0.0071815140246014519 -0.0094956992376994884 0.00042321574874222263 0.0030651803007349376 -0.0012001560768112542 -0.0073970784159267658
leaf_weight=9.9999999999999982 36 9.9999999999999982 5.9999999999999991 6.9999999999999991 6.9999999999999991 8.0000000000000018 25 36 17
leaf_count=10 36 10 6 7 7 8 25 36 17
internal_value=-0.000675071 -0.0015879 -0.00206142 -0.00151834 -0.00213348 -0.00157331 -0.000334024 -0.00235736 -0.00489458
internal_weight=162 126 116 106 99 92 67 42 25
internal_count=162 126 116 106 99 92 67 42 25
is_linear=0
shrinkage=0.05


Tree=54
num_leaves=10
num_cat=0
split_feature=10 1 6 3 1 2 4 9 6
split_gain=0.231119 0.154596 0.193938 0.237445 0.211052 0.18067 0.172898 0.172655 0.159252
threshold=13.795516446242161 2.878828993654118 0.88169730214943298 1.0822219508321951 2.4156252216322041 2.3574185309246887 0.75322987739886982 8.3210916810876014 1.0328464085285902
decision_type=2 2 2 2 2 2 2 2 2
left_child=1 2 7 4 8 6 -3 -1 -4
right_child=-2 5 3 -5 -6 -7 -8 -9 -10
leaf_value=0.00020699012093245976 -0.0088268083387187547 0.0061408556066453422 -0.0053297591919545069 0.00011849493271256507 -0.012920741297836817 0.0045303768665211179 -0.004925743839703501 0.010251988650166563 0.004893205091357232
leaf_weight=11.000000000000002 6.9999999999999991 5.0000000000000027 16.000000000000007 64 6.9999999999999991 38 11.999999999999998 6.9999999999999991 4.9999999999999991
leaf_count=11 7 5 16 64 7 38 12 7 5
internal_value=7.1693e-05 0.000449205 -0.000633007 -0.00156165 -0.00540198 0.00261363 -0.00167086 0.00411338 -0.00289572
internal_weight=172 165 110 92 28 55 17 18 21
internal_count=172 165 110 92 28 55 17 18 21
is_linear=0
shrinkage=0.05


Tree=55
num_leaves=10
num_cat=0
split_feature=4 6 6 1 0 9 4 8 11
split_gain=0.144925 0.227926 0.199546 0.153718 0.270293 0.225957 0.21714 0.17595 0.16276
threshold=0.64287516209700479 0.84614932741596871 0.96765297711944098 2.5999443856766136 0.27074540886795351 11.920447689515152 0.72758158948975582 2.4543111389668266 2.8846945441522789
decision_type=2 2 2 2 2 2 2 2 2
left_child=1 -1 -3 4 6 7 -2 -5 -9
right_child=3 2 -4 5 -6 -7 -8 8 -10
leaf_value=0.0069071410767113164 -0.0011020001695107888 -0.008410329248831009 -0.0011810740331808728 0.0070211874097227487 0.0096808956004679203 -0.0025274760192534069 -0.011419028230011464 0.0033710624696686856 -0.0060183720585579676
leaf_weight=5.9999999999999991 34 13.999999999999998 30 26 4.9999999999999991 17 5.9999999999999991 20.000000000000004 5.9999999999999991
leaf_count=6 34 14 30 26 5 17 6 20 6
internal_value=9.65315e-06 -0.00223468 -0.00348129 0.00099401 -0.0012795 0.00247674 -0.00264955 0.00411273 0.00120427
internal_weight=164 50 44 114 45 69 40 52 26
internal_count=164 50 44 114 45 69 40 52 26
is_linear=0
shrinkage=0.05


Tree=56
num_leaves=10
num_cat=0
split_feature=1 6 6 6 9 3 3 8 1
split_gain=0.0692019 0.137883 0.255641 0.170893 0.174504 0.113562 0.148246 0.153461 0.122321
threshold=1.9782184939860383 0.88169730214943298 0.75293142901748622 0.98539910614913251 8.5697364514021022 1.0143844408841565 1.0570572410668748 3.8432903666141045 2.2733530670352455
decision_type=2 2 2 2 2 2 2 2 2
left_child=-1 2 -2 4 -3 -5 -7 8 -8
right_child=1 3 -4 5 -6 6 7 -9 -10
leaf_value=-0.0029911365923716835 -0.0032352696948995197 0.00039288228435907497 0.010088717678768767 0.0054802452586591244 -0.0097562903693566728 -0.0071257451815264564 0.0036976546569563009 0.0075403357057699143 -0.00099405274003354295
leaf_weight=19 5.9999999999999991 8.0000000000000018 8.9999999999999982 9.9999999999999982 8.9999999999999982 6.9999999999999991 17 6.9999999999999991 76
leaf_count=19 6 8 9 10 9 7 17 7 76
internal_value=-0.000149355 0.00021302 0.00475912 -0.000295872 -0.00498021 0.000384758 -9.14556e-05 0.000400945 -0.000136429
internal_weight=168 149 15 134 17 117 107 100 93
internal_count=168 149 15 134 17 117 107 100 93
is_linear=0
shrinkage=0.05


Tree=57
num_leaves=10
num_cat=0
split_feature=5 5 4 0 1 1 8 11 10
split_gain=0.0985538 0.232349 0.132676 0.146203 0.124772 0.123926 0.159676 0.33614 0.137688
threshold=209.92050505050508 247.86500000000004 0.70694463170008537 0.24795788818852788 2.226856461547654 3.456469619730631 2.4543111389668266 2.8908039308434406 10.30145878115634
decision_type=2 2 2 2 2 2 2 2 2
left_child=4 -2 3 -3 -1 6 7 -6 -7
right_child=1 2 -4 -5 5 8 -8 -9 -10
leaf_value=0.005881019742228091 -0.010482717797692333 -0.0010530597422530265 0.0044041796401143073 -0.0092157242276395372 -0.003667681683630992 0.006792639035265894 -0.0062070519240417831 0.011762789636850358 0.00018012354872504099
leaf_weight=9.9999999999999982 6.9999999999999991 64 9.9999999999999982 5.9999999999999991 12.000000000000002 9.9999999999999982 14.999999999999998 4.9999999999999991 37
leaf_count=10 7 64 10 6 12 10 15 5 37
internal_value=-0.00055074 -0.00174744 -0.000983105 -0.00175272 0.000619069 -4.70006e-05 -0.002447 0.000870692 0.00158704
internal_weight=176 87 80 70 89 79 32 17 47
internal_count=176 87 80 70 89 79 32 17 47
is_linear=0
shrinkage=0.05


Tree=58
num_leaves=10
num_cat=0
split_feature=7 3 3 11 7 1 1 7 1
split_gain=0.11141 0.176197 0.154807 0.170091 0.105451 0.0997275 0.169492 0.210588 0.233953
threshold=58.252998203033819 1.5140451280901788 1.1698098093639453 2.8593909786998899 58.150040924331648 1.9782184939860383 2.2733530670352455 54.474117027358027 3.7690478716967859
decision_type=2 2 2 2 2 2 2 2 2
left_child=4 2 -2 -4 5 -1 -7 -8 -9
right_child=1 -3 3 -5 -6 6 7 8 -10
leaf_value=-0.0059041305816208483 0.0039645688603227236 0.010794382169842721 0.00027429103184576059 -0.009942058995366097 -0.0073537771250509355 0.0034510108940303329 -0.0089758255518972881 -0.0024096098323670135 0.0041124259261414407
leaf_weight=7.9999999999999991 23 4.9999999999999991 22.000000000000004 4.9999999999999991 5.9999999999999991 25 7.9999999999999991 44 20
leaf_count=8 23 5 22 5 6 25 8 44 20
internal_value=4.93825e-06 0.00184511 0.000950184 -0.00161763 -0.000906859 -0.000538464 -9.59345e-05 -0.00132751 -0.000371474
internal_weight=166 55 50 27 111 105 97 72 64
internal_count=166 55 50 27 111 105 97 72 64
is_linear=0
shrinkage=0.05


Tree=59
num_leaves=10
num_cat=0
split_feature=6 6 5 5 11 3 5 5 8
split_gain=0.101316 0.192109 0.110473 0.3131 0.151251 0.107003 0.108611 0.179585 0.15761
threshold=0.92739789501316949 0.90478804702031745 393.41500000000008 347.72307692307703 1.5023753952280099 1.7705942393061982 215.93000000000004 305.41333333333341 3.8432903666141045
decision_type=2 2 2 2 2 2 2 2 2
left_child=1 2 3 -1 -4 6 8 -8 -2
right_child=5 -3 4 -5 -6 -7 7 -9 -10
leaf_value=-0.0054174852895084741 0.0015306957021594928 -0.010618367441929878 0.0022428897309250068 0.01227714817970991 -0.0075567180782349572 -0.0046988251929481828 -0.0059208631148346923 0.00088725445828841717 0.010710986740887166
leaf_weight=5.0000000000000018 72 5.9999999999999991 6.9999999999999991 5 8.9999999999999982 8.9999999999999982 12.999999999999998 38 4.9999999999999991
leaf_count=5 72 6 7 5 9 9 13 38 5
internal_value=-2.07224e-05 -0.00255382 -0.000692766 0.00342983 -0.00326939 0.000570949 0.00094148 -0.000848148 0.00212682
internal_weight=169 32 26 10 16 137 128 51 77
internal_count=169 32 26 10 16 137 128 51 77
is_linear=0
shrinkage=0.05


Tree=60
num_leaves=10
num_cat=0
split_feature=3 1 1 3 8 8 8 9 11
split_gain=0.176 0.257665 0.337655 0.232556 0.184892 0.104287 0.133947 0.199962 0.113058
threshold=1.0641010232489696 2.6585680546852912 3.3706433674609468 0.98648400886135501 1.6992922197746922 3.8432903666141045 2.4543111389668266 9.1306255885461862 2.2854260749386195
decision_type=2 2 2 2 2 2 2 2 2
left_child=1 3 -3 -1 -5 6 -2 -8 -9
right_child=5 2 -4 4 -6 -7 7 8 -10
leaf_value=-0.002156688602641225 0.0017937455652281644 0.012074692019571854 -0.0026708043349737472 -0.0032810830324888234 -0.015869904788477079 0.00677815175482205 0.0055111075751483442 -0.0094890242442488681 -0.0019906874475700241
leaf_weight=25 75 6.0000000000000027 10.999999999999998 4.9999999999999982 7 6.9999999999999991 7.9999999999999991 5.9999999999999991 31
leaf_count=25 75 6 11 5 7 7 8 6 31
internal_value=-0.000170836 -0.0025619 0.00253349 -0.00490303 -0.0106246 0.000845838 0.000499786 -0.00165681 -0.00320663
internal_weight=181 54 17 37 12 127 120 45 37
internal_count=181 54 17 37 12 127 120 45 37
is_linear=0
shrinkage=0.05


Tree=61
num_leaves=10
num_cat=0
split_feature=2 2 9 4 11 9 4 8 8
split_gain=0.110475 0.131872 0.101254 0.08519 0.170365 0.161629 0.157659 0.218137 0.208782
threshold=2.3918900394007312 2.397652173866518 9.4365096214008517 0.71456491355134955 1.6216782452757945 8.3210916810876014 0.78301023785032531 3.5641525515866133 2.7844789237889347
decision_type=2 2 2 2 2 2 2 2 2
left_child=3 2 -2 4 5 -1 8 -8 -5
right_child=1 -3 -4 6 -6 -7 7 -9 -10
leaf_value=-0.0004761708620935678 0.0020864269385735199 0.00050089994778814296 0.010938074705856185 0.0070071127162211469 -0.003116281839553267 0.0083515271544456482 -0.0031897443984807644 0.0062105565215460961 -0.0031694505895887106
leaf_weight=20.000000000000004 5.9999999999999982 22 7 18.000000000000004 50 6.9999999999999991 27 7.9999999999999991 6.9999999999999991
leaf_count=20 6 22 7 18 50 7 27 8 7
internal_value=0.000353089 0.00286014 0.0068527 -0.000287398 -0.00138801 0.00181249 0.00112505 -0.0010411 0.00415767
internal_weight=172 35 13 137 77 27 60 35 25
internal_count=172 35 13 137 77 27 60 35 25
is_linear=0
shrinkage=0.05


Tree=62
num_leaves=10
num_cat=0
split_feature=10 5 5 5 1 1 5 3 10
split_gain=0.188334 0.167538 0.176715 0.248306 0.162531 0.110382 0.128277 0.106736 0.102481
threshold=13.795516446242161 209.92050505050508 336.65978348035293 393.41500000000008 2.2874206194085756 5.1946109081181264 165.24500000000003 1.2126078077288509 12.926389176410698
decision_type=2 2 2 2 2 2 2 2 2
left_child=1 5 4 -4 -3 6 8 -6 -1
right_child=-2 2 3 -5 7 -7 -8 -9 -10
leaf_value=0.00019071011663951233 -0.0080514911296112202 -0.00051736628923278573 0.0071163742549040111 -0.0012122337420199377 -0.0050272865427864926 0.0092020187526941303 0.0074886227957904339 -0.014138640016317367 0.0076461084572656546
leaf_weight=59 6.9999999999999991 13.000000000000002 10.999999999999998 48 8.9999999999999982 4.9999999999999991 7.9999999999999991 4.9999999999999991 4.9999999999999991
leaf_count=59 7 13 11 48 9 5 8 5 5
internal_value=-2.0768e-05 0.00032411 -0.00119269 0.000340558 -0.00454313 0.0020182 0.00151933 -0.00828134 0.000773163
internal_weight=170 163 86 59 27 77 72 14 64
internal_count=170 163 86 59 27 77 72 14 64
is_linear=0
shrinkage=0.05


Tree=63
num_leaves=10
num_cat=0
split_feature=5 5 11 0 3 2 2 11 3
split_gain=0.0992983 0.214053 0.198389 0.207735 0.108276 0.115538 0.0808049 0.176304 0.266346
threshold=63.295000000000009 58.805000000000007 2.8908039308434406 0.28789973171458866 1.4750476454840706 2.3782642562498819 2.3707785723774011 2.1797221024301638 1.2966945657787239
decision_type=2 2 2 2 2 2 2 2 2
left_child=1 -1 4 -4 6 -6 7 -2 -9
right_child=2 -3 3 -5 5 -7 -8 8 -10
leaf_value=0.00035533482829729719 0.00041967810786445623 -0.012547587081789971 9.969150414690378e-05 0.011894111654588153 -0.001235758119987117 -0.010715382061898709 0.001255683287874692 -0.010139837996526199 0.003778001517057419
leaf_weight=8.9999999999999982 40 4.9999999999999991 7.9999999999999982 7 8.9999999999999982 4.9999999999999991 63 10.999999999999998 4.9999999999999991
leaf_count=9 40 5 8 7 9 5 63 11 5
internal_value=-0.000227996 -0.00425285 0.000152733 0.00560375 -0.000462043 -0.00462134 2.72854e-05 -0.00135466 -0.00579051
internal_weight=162 14 148 15 133 14 119 56 16
internal_count=162 14 148 15 133 14 119 56 16
is_linear=0
shrinkage=0.05


Tree=64
num_leaves=10
num_cat=0
split_feature=4 6 11 3 3 1 1 4 3
split_gain=0.17121 0.183621 0.272304 0.192445 0.2692 0.1727 0.16249 0.110118 0.0971924
threshold=0.67778090178261274 1.3360504468447894 2.6124121545049257 1.1632995663367913 1.2048090778632476 2.6346050150627449 2.3305364952909131 0.70694463170008537 1.0641010232489696
decision_type=2 2 2 2 2 2 2 2 2
left_child=8 2 5 -3 -5 6 -2 -7 -1
right_child=1 3 -4 4 -6 7 -8 -9 -10
leaf_value=-0.0047413129065381858 0.00031699182122553644 0.011731257768613952 -0.0094581464987381226 -0.0080779360979795472 0.004552419106820943 0.010516947712749235 -0.0091214670489231757 0.0022967053873633797 -0.00052856131722884517
leaf_weight=19 19.000000000000004 6.9999999999999991 6.9999999999999991 4.9999999999999991 27 5.0000000000000027 5.9999999999999991 22 49
leaf_count=19 19 7 7 5 27 5 6 22 49
internal_value=0.000222044 0.00155963 -0.000200012 0.00422165 0.00257893 0.00104627 -0.00194824 0.00381897 -0.00170565
internal_weight=166 98 59 39 32 52 25 27 68
internal_count=166 98 59 39 32 52 25 27 68
is_linear=0
shrinkage=0.05


Tree=65
num_leaves=10
num_cat=0
split_feature=10 0 0 0 4 0 0 11 3
split_gain=0.089095 0.130287 0.063407 0.083918 0.240972 0.208782 0.168553 0.0738057 0.128321
threshold=13.795516446242161 0.42530802549164215 0.16366584596781503 0.20043132505235223 0.665148299285934 0.18654961530791983 0.18760106669728724 2.1215048989193295 1.4444674749754556
decision_type=2 2 2 2 2 2 2 2 2
left_child=1 2 -1 4 5 -4 -6 8 -5
right_child=-2 -3 3 7 6 -7 -8 -9 -10
leaf_value=0.0053369114175438881 -0.0065808993577957152 0.0054464276308532466 -0.0004570301622152326 0.0033678112062625592 -0.0021343696047551931 -0.01279546238074545 0.009109059870243073 -0.00063729847300580001 -0.0052839876152575016
leaf_weight=4.9999999999999991 4.9999999999999991 10.999999999999998 6.0000000000000027 30 9.9999999999999982 7.9999999999999991 4.9999999999999991 77 4.9999999999999991
leaf_count=5 5 11 6 30 10 8 5 77 5
internal_value=-1.03154e-05 0.000198939 -0.00019642 -0.000392637 -0.0027898 -0.00750756 0.00161344 0.000228057 0.00213184
internal_weight=162 157 146 141 29 14 15 112 35
internal_count=162 157 146 141 29 14 15 112 35
is_linear=0
shrinkage=0.05


Tree=66
num_leaves=10
num_cat=0
split_feature=5 5 5 3 7 10 9 9 2
split_gain=0.137566 0.195572 0.118018 0.234839 0.117328 0.137192 0.114498 0.170734 0.095812
threshold=209.92050505050508 284.8250000000001 393.41500000000008 1.1576861889314858 55.770595177552721 10.331441462339525 8.7745031540720131 8.1167118141500669 2.3922899368660051
decision_type=2 2 2 2 2 2 2 2 2
left_child=4 8 3 -3 5 -1 7 -4 -2
right_child=1 2 6 -5 -6 -7 -8 -9 -10
leaf_value=0.012802691459655763 -0.010001165512949231 0.0074389754722897806 -0.0010083374682865051 -0.0027527499827556313 0.0011698598849575203 0.0015884511327991882 0.0034121541865170003 -0.0096538795424359197 -0.0011780585732776669
leaf_weight=4.9999999999999982 7.9999999999999982 13.000000000000002 31 9.9999999999999982 78 6 9.9999999999999982 6.9999999999999991 5
leaf_count=5 8 13 31 10 78 6 10 7 5
internal_value=0.000481842 -0.000969458 6.28888e-05 0.00300779 0.00185161 0.00668583 -0.00134821 -0.00260094 -0.00660766
internal_weight=173 84 71 23 89 11 48 38 13
internal_count=173 84 71 23 89 11 48 38 13
is_linear=0
shrinkage=0.05


Tree=67
num_leaves=10
num_cat=0
split_feature=0 0 4 3 5 6 5 8 8
split_gain=0.140592 0.0969729 0.170788 0.0791371 0.0840843 0.166678 0.120893 0.111382 0.112566
threshold=0.20043132505235223 0.18151221638817475 0.67635205897699702 1.7705942393061982 201.13000000000002 1.1851338717941131 165.24500000000003 2.4031621036404522 3.8432903666141045
decision_type=2 2 2 2 2 2 2 2 2
left_child=1 -1 -3 4 6 -6 7 -2 -9
right_child=3 2 -4 -5 5 -7 -8 8 -10
leaf_value=-0.0010476244125692618 0.0033870841646867415 -0.011073161859530958 0.00070670671761035914 -0.0043628914689179512 0.0014778990707903479 -0.0045071842329650136 0.0080770776207957952 -0.0017660887784586522 0.006300965845584869
leaf_weight=21 31 7.9999999999999982 5 7.9999999999999991 30 19 6.9999999999999991 32 4.9999999999999991
leaf_count=21 31 8 5 8 30 19 7 32 5
internal_value=-0.000281478 -0.00314858 -0.00654244 0.000457019 0.000767981 -0.000842848 0.00182039 0.00117632 -0.000675946
internal_weight=166 34 13 132 124 49 75 68 37
internal_count=166 34 13 132 124 49 75 68 37
is_linear=0
shrinkage=0.05


Tree=68
num_leaves=10
num_cat=0
split_feature=11 9 10 4 10 4 11 1 5
split_gain=0.124698 0.105431 0.177607 0.0930075 0.0758253 0.0737735 0.0880239 0.0718929 0.125829
threshold=3.1843065547322671 10.309136274376909 10.137914047508565 0.70989671486599826 13.795516446242161 0.72193254278511443 2.2483724547109012 2.2874206194085756 492.53500000000003
decision_type=2 2 2 2 2 2 2 2 2
left_child=1 2 3 7 -3 -5 -7 8 -1
right_child=-2 4 -4 5 -6 6 -8 -9 -10
leaf_value=0.0026920979576451438 0.0076689122430980208 0.0021469751901652973 -0.0089516037276812978 0.0075984479486942251 -0.0034234539206538885 -0.0041056139394640926 0.0037128053553816352 -0.0031797615721422647 -0.002511618497933691
leaf_weight=21 4.9999999999999991 48 6.9999999999999991 5.0000000000000027 6.9999999999999991 5.9999999999999991 8.9999999999999982 35 26
leaf_count=21 5 48 7 5 7 6 9 35 26
internal_value=-0.000109538 -0.000346686 -0.00124722 -0.000718489 0.00143801 0.00233869 0.000585438 -0.00146414 -0.000186554
internal_weight=169 164 109 102 55 20 15 82 47
internal_count=169 164 109 102 55 20 15 82 47
is_linear=0
shrinkage=0.05


Tree=69
num_leaves=10
num_cat=0
split_feature=6 6 4 4 3 11 3 5 0
split_gain=0.0795872 0.14331 0.106574 0.0973792 0.107075 0.0535269 0.148875 0.114786 0.108566
threshold=0.92739789501316949 0.90478804702031745 0.63263083882565263 0.665148299285934 0.83651259013470292 2.1215048989193295 1.5140451280901788 525.34000000000003 0.26672254237258392
decision_type=2 2 2 2 2 2 2 2 2
left_child=1 2 -1 -4 -5 6 7 -2 -7
right_child=5 -3 3 4 -6 8 -8 -9 -10
leaf_value=0.0054673550015043749 0.0053832364831274994 -0.0089546063759674624 -0.0064509761170484098 -0.0027949829275409383 0.0063308290857821709 -0.0019745223861383767 -0.0059253478515893226 -0.00019240938592702151 0.0015007288322191348
leaf_weight=6.0000000000000027 24 5.9999999999999991 8.0000000000000018 8.9999999999999982 4.9999999999999991 38 4.9999999999999991 14.999999999999998 55
leaf_count=6 24 6 8 9 5 38 5 15 55
internal_value=0.000223164 -0.00194212 -0.000439442 -0.00205039 0.000464236 0.000760533 0.00219738 0.00323876 8.07337e-05
internal_weight=171 34 28 22 14 137 44 39 93
internal_count=171 34 28 22 14 137 44 39 93
is_linear=0
shrinkage=0.05


end of trees

feature_importances:
std_nn_dist=88
density_per_frame=78
contrast_ratio=74
std_intensity=63
snr_std=48
mean_intensity=47
min_nn_dist=44
median_nn_dist=44
cell_volume_mean=43
mean_nn_dist=35
snr_mean=34
cell_radius_mean=32

parameters:
[boosting: gbdt]
[objective: regression]
[metric: rmse]
[tree_learner: serial]
[device_type: cpu]
[data_sample_strategy: bagging]
[data: ]
[valid: ]
[num_iterations: 70]
[learning_rate: 0.05]
[num_leaves: 10]
[num_threads: 0]
[seed: 42]
[deterministic: 0]
[force_col_wise: 0]
[force_row_wise: 0]
[histogram_pool_size: -1]
[max_depth: -1]
[min_data_in_leaf: 5]
[min_sum_hessian_in_leaf: 0.001]
[bagging_fraction: 0.85]
[pos_bagging_fraction: 1]
[neg_bagging_fraction: 1]
[bagging_freq: 1]
[bagging_seed: 400]
[bagging_by_query: 0]
[feature_fraction: 0.85]
[feature_fraction_bynode: 1]
[feature_fraction_seed: 30056]
[extra_trees: 0]
[extra_seed: 12879]
[early_stopping_round: 0]
[early_stopping_min_delta: 0]
[first_metric_only: 0]
[max_delta_step: 0]
[lambda_l1: 0]
[lambda_l2: 0]
[linear_lambda: 0]
[min_gain_to_split: 0]
[drop_rate: 0.1]
[max_drop: 50]
[skip_drop: 0.5]
[xgboost_dart_mode: 0]
[uniform_drop: 0]
[drop_seed: 17869]
[top_rate: 0.2]
[other_rate: 0.1]
[min_data_per_group: 100]
[max_cat_threshold: 32]
[cat_l2: 10]
[cat_smooth: 10]
[max_cat_to_onehot: 4]
[top_k: 20]
[monotone_constraints: ]
[monotone_constraints_method: basic]
[monotone_penalty: 0]
[feature_contri: ]
[forcedsplits_filename: ]
[refit_decay_rate: 0.9]
[cegb_tradeoff: 1]
[cegb_penalty_split: 0]
[cegb_penalty_feature_lazy: ]
[cegb_penalty_feature_coupled: ]
[path_smooth: 0]
[interaction_constraints: ]
[verbosity: -1]
[saved_feature_importance_type: 0]
[use_quantized_grad: 0]
[num_grad_quant_bins: 4]
[quant_train_renew_leaf: 0]
[stochastic_rounding: 1]
[linear_tree: 0]
[max_bin: 255]
[max_bin_by_feature: ]
[min_data_in_bin: 3]
[bin_construct_sample_cnt: 200000]
[data_random_seed: 175]
[is_enable_sparse: 1]
[enable_bundle: 1]
[use_missing: 1]
[zero_as_missing: 0]
[feature_pre_filter: 1]
[pre_partition: 0]
[two_round: 0]
[header: 0]
[label_column: ]
[weight_column: ]
[group_column: ]
[ignore_column: ]
[categorical_feature: ]
[forcedbins_filename: ]
[precise_float_parser: 0]
[parser_config_file: ]
[objective_seed: 16083]
[num_class: 1]
[is_unbalance: 0]
[scale_pos_weight: 1]
[sigmoid: 1]
[boost_from_average: 1]
[reg_sqrt: 0]
[alpha: 0.9]
[fair_c: 1]
[poisson_max_delta_step: 0.7]
[tweedie_variance_power: 1.5]
[lambdarank_truncation_level: 30]
[lambdarank_norm: 1]
[label_gain: ]
[lambdarank_position_bias_regularization: 0]
[eval_at: ]
[multi_error_top_k: 1]
[auc_mu_weights: ]
[num_machines: 1]
[local_listen_port: 12400]
[time_out: 120]
[machine_list_filename: ]
[machines: ]
[gpu_platform_id: -1]
[gpu_device_id: -1]
[gpu_device_id_list: ]
[gpu_use_dp: 0]
[num_gpu: 1]

end of parameters

pandas_categorical:null
